775.50: 973 578 


510.00: 744 480 886 303 217 261 415 659 625 


615.63: 944 369 443 878 978 824 268 221 


441.00: 235 161 969 399 


572.33: 43 677 99 


440.36: 41 790 101 949 200 136 546 327 456 619 67 


491.50: 293 892 907 141 969 289 239 202 


490.75: 796 381 562 942 350 32 113 462 


414.33: 201 758 284 


666.40: 983 714 752 710 837 304 303 765 519 777 


211.50: 91 332 


848.67: 704 993 849 


531.56: 453 438 757 428 695 54 988 180 30 


491.17: 793 351 229 359 900 315 


510.45: 725 439 445 368 120 764 260 610 161 844 879 


474.22: 885 373 312 19 622 262 625 295 702 


536.75: 496 721 754 138 215 762 901 307 


485.43: 476 612 311 121 793 506 579 


207.00: 207 


640.20: 347 754 810 266 160 807 52 733 999 99 


258.50: 321 196 


544.11: 541 284 784 962 297 485 442 209 893 


568.13: 695 857 250 154 523 675 447 944 


502.00: 502 


843.00: 843 


339.75: 197 207 60 348 


446.55: 198 346 564 524 525 213 557 360 780 522 323 


419.67: 895 251 113 


749.25: 945 702 934 416 


691.40: 938 358 968 85 730 811 3 169 797 974 


673.67: 911 616 486 701 742 586 


533.29: 332 691 827 752 554 182 395 


455.20: 392 613 193 933 145 


601.00: 366 83 


331.67: 272 447 276 


571.60: 653 47 822 6 288 


377.80: 474 56 291 358 202 


438.64: 37 624 309 681 487 192 552 24 520 76 421 


427.00: 697 635 235 218 350 


490.00: 203 235 406 819 115 190 863 284 820 965 


340.00: 389 135 477 359 


486.67: 357 775 571 603 23 381 


409.33: 207 81 407 340 56 125 


566.17: 622 479 845 985 208 25 


575.80: 734 698 393 598 456 


459.70: 444 318 280 729 616 39 655 230 497 432 


691.22: 777 848 378 999 698 850 346 398 927 


470.50: 236 801 868 488 353 522 390 170 663 214 


626.00: 195 983 916 748 288 


610.00: 795 289 648 708 


530.38: 317 668 556 697 479 141 773 612 


401.14: 222 192 486 226 933 155 594 


568.00: 487 649 


627.14: 868 220 647 90 553 406 789 


651.25: 604 734 61 653 


666.33: 739 643 673 423 960 560 


397.10: 639 102 311 500 157 994 120 150 377 621 


418.82: 560 649 6 106 665 806 224 50 39 63 342 


381.55: 541 179 544 446 752 301 246 146 204 377 461 


603.18: 958 562 210 879 542 519 256 840 799 12 941 


494.40: 658 706 402 333 373 


611.43: 964 245 252 879 969 554 417 


512.90: 843 247 618 808 663 328 631 377 26 347 


381.50: 210 482 222 612 


636.00: 324 996 244 980 


689.00: 689 


2317.00: 122 1000 903 872 561 


658.50: 338 808 98 500 


568.10: 395 427 478 326 947 569 795 717 32 700 


723.67: 883 966 781 357 427 751 887 513 948 


625.55: 655 754 292 647 742 260 949 718 714 874 276 


561.50: 257 81 687 992 133 774 465 618 772 100 


573.20: 484 916 150 648 668 


637.67: 798 724 391 


564.00: 437 27 978 


584.17: 930 320 600 659 528 46 


583.00: 855 56 913 504 99 128 349 19 740 


625.13: 991 445 90 720 864 637 292 147 


584.00: 777 789 167 7 420 


604.75: 831 165 562 861 


488.00: 16 767 307 390 289 882 527 927 407 368 


740.60: 318 866 785 746 988 


596.71: 456 964 252 180 847 511 967 


666.60: 687 420 880 980 366 


411.25: 459 311 642 233 


605.33: 881 178 507 149 959 958 


570.25: 70 877 97 357 


672.67: 493 82 618 212 991 983 468 768 698 


466.71: 393 403 41 434 896 392 336 


396.17: 781 122 535 101 163 675 


490.29: 236 125 484 691 628 429 839 


492.63: 626 169 529 582 222 798 405 610 


449.00: 418 130 406 842 


630.88: 919 778 484 633 528 879 17 647 


491.50: 227 805 439 495 


440.67: 283 497 797 556 355 63 115 470 258 


525.38: 621 170 915 200 198 914 323 862 


796.00: 605 987 


311.00: 311 


696.50: 947 144 707 988 


336.60: 186 443 300 624 130 


531.33: 621 695 278 


583.25: 956 439 284 65 


383.75: 739 975 150 186 265 344 34 67 


609.83: 629 490 59 569 871 510 


491.00: 14 867 74 336 


561.30: 926 514 799 224 324 767 121 774 873 291 


575.13: 298 508 936 623 713 300 530 693 


581.63: 790 490 56 218 74 213 991 643 


620.67: 541 657 883 515 86 263 


569.88: 240 684 827 923 698 761 184 242 


659.00: 910 408 


442.40: 876 433 295 317 291 


477.50: 70 885 


230.00: 230 


546.91: 542 694 402 835 205 560 187 465 955 598 573 


510.88: 205 55 842 188 378 577 837 505 


556.00: 249 461 968 417 470 693 634 


493.33: 56 881 543 


560.50: 498 623 


585.67: 18 752 987 


300.00: 99 501 


413.40: 221 596 269 809 172 


505.13: 302 883 660 393 628 241 84 93 


642.67: 778 63 512 


604.00: 394 297 841 554 575 963 


560.00: 815 566 299 


573.50: 583 444 540 727 


475.50: 840 847 235 166 622 398 444 252 


560.50: 299 630 862 451 


629.67: 735 695 902 77 482 19 


966.00: 966 


706.50: 504 909 


788.33: 969 8 527 


421.13: 884 724 21 203 351 592 37 29 


626.00: 391 86 


506.43: 466 407 171 689 499 86 444 


869.00: 869 


550.57: 188 934 101 607 905 544 575 


483.00: 786 359 11 773 347 514 


458.60: 535 513 640 257 348 


424.90: 57 198 290 800 423 77 93 965 525 12 


630.33: 623 344 859 940 353 66 


424.67: 210 789 178 709 293 714 333 117 479 


572.33: 103 641 456 95 316 579 504 608 98 


400.80: 183 317 300 79 414 


661.75: 460 880 352 955 


540.00: 500 973 509 452 233 765 929 496 100 443 


465.00: 69 518 80 


491.88: 109 515 575 271 936 41 854 259 


540.50: 391 716 733 322 


571.50: 723 322 605 636 


308.00: 324 292 


511.83: 704 701 119 298 974 275 


663.00: 839 615 894 498 73 558 872 940 251 633 455 


653.89: 427 183 619 755 862 966 968 747 358 


480.00: 20 594 65 652 


492.14: 600 769 152 992 23 212 488 


747.14: 826 472 40 898 894 924 81 


385.67: 386 823 161 210 362 37 


317.00: 317 


644.80: 967 984 788 31 167 


546.00: 297 617 724 


617.43: 800 220 901 158 611 716 91 


305.50: 246 365 


561.57: 789 795 796 368 525 127 531 


706.30: 865 696 692 917 72 227 60 682 910 74 


477.50: 535 420 


552.83: 339 826 113 818 75 463 


463.67: 215 699 526 379 799 164 


683.00: 683 


359.00: 428 219 501 341 306 


508.22: 951 341 918 148 465 316 385 725 325 


830.80: 939 563 876 873 90 


404.50: 322 513 25 530 


616.33: 777 871 858 574 459 1 


523.80: 965 391 25 444 568 


674.50: 625 758 519 267 900 978 


389.17: 40 356 346 997 369 227 


359.80: 298 254 251 146 850 


587.60: 581 165 668 148 981 444 326 895 956 712 


697.80: 640 981 362 773 73 


457.33: 131 700 515 714 62 60 


511.89: 238 772 677 957 69 553 132 342 239 


674.60: 966 711 879 134 683 


612.44: 490 706 459 865 566 467 958 792 209 


450.33: 173 266 912 


508.75: 680 591 151 613 


694.00: 549 950 583 


54.50: 39 70 


1344.09: 1000 800 986 823 165 982 298 662 281 844 744 


558.33: 837 382 456 


409.25: 722 147 634 134 


220.33: 38 279 219 278 361 147 


632.63: 526 928 581 801 834 476 376 539 


596.90: 190 332 972 940 611 658 481 205 713 867 


421.00: 677 421 344 549 203 364 215 59 


466.00: 132 696 135 226 831 562 680 


553.50: 203 904 


457.73: 182 103 826 186 39 610 232 685 886 558 371 


626.55: 899 756 287 16 492 695 833 760 696 8 411 


552.43: 40 475 81 665 814 852 206 


519.83: 133 298 295 9 711 687 


769.67: 976 737 596 


560.33: 674 780 227 


364.17: 705 107 63 289 107 340 


710.67: 890 601 839 492 489 953 


567.88: 702 700 991 43 260 535 303 621 


556.50: 972 141 


505.29: 415 783 580 243 313 760 443 


340.11: 404 19 39 4 680 511 235 527 422 


511.80: 897 40 435 583 237 


618.67: 380 623 85 


698.73: 501 893 624 535 505 954 628 742 903 688 713 


681.80: 565 742 652 651 799 


609.00: 280 39 711 782 8 


670.00: 142 835 502 916 955 


601.60: 529 476 964 989 525 350 267 747 907 262 


592.50: 643 653 781 293 


456.00: 198 773 663 596 164 342 


487.25: 775 953 148 319 217 753 544 189 


686.50: 966 407 


476.45: 89 601 76 5 497 660 321 170 776 58 724 


567.67: 443 86 397 


735.00: 724 971 431 676 873 


624.57: 992 869 273 614 465 191 968 


636.80: 550 368 807 262 724 929 820 289 966 653 


381.00: 381 


710.67: 989 263 880 


527.50: 737 318 


600.60: 336 776 833 787 271 


343.50: 324 363 


912.50: 977 848 


430.30: 227 473 536 578 339 158 614 350 778 250 


463.00: 728 19 


667.09: 761 301 902 519 664 972 117 78 694 791 830 


632.38: 476 936 856 469 182 882 290 968 


667.67: 275 996 716 59 557 866 


517.10: 484 863 255 617 60 226 488 188 827 616 


653.50: 560 775 855 45 875 615 926 244 495 735 


630.25: 124 949 511 732 802 532 614 778 


600.20: 862 474 208 858 161 565 690 986 545 653 


403.50: 701 106 


626.75: 428 824 67 407 581 757 791 552 


723.00: 644 921 450 987 895 441 


40.00: 40 


769.82: 933 120 837 851 806 964 880 77 797 772 738 


530.56: 503 281 112 605 239 303 806 930 996 


526.09: 624 297 795 789 734 444 188 301 524 864 227 


410.00: 484 285 646 225 


766.00: 973 559 


549.43: 602 287 449 752 668 358 730 


452.50: 160 332 659 574 385 60 


568.00: 826 323 649 420 761 569 790 289 515 538 


754.33: 682 597 984 


498.20: 849 306 355 437 544 


401.33: 12 585 287 101 862 561 


374.67: 276 406 442 


641.40: 645 760 743 693 984 669 513 67 287 44 


626.22: 820 610 59 685 94 882 329 478 297 


550.80: 217 317 62 808 785 


246.33: 75 240 424 


521.00: 22 106 706 988 467 837 


633.83: 333 918 759 703 218 872 


381.00: 181 581 


296.00: 77 515 


351.25: 122 215 512 119 615 223 457 54 


678.83: 919 332 756 730 854 482 


636.13: 110 468 791 79 602 894 873 560 


343.00: 88 324 444 184 423 561 377 


615.00: 409 280 86 911 


446.50: 66 671 541 45 179 363 986 315 


518.00: 140 896 


355.50: 584 111 289 438 


384.14: 71 503 21 614 140 912 236 


560.22: 887 176 505 65 844 320 380 452 823 


514.00: 635 169 937 136 693 


579.00: 729 4 


646.50: 972 321 


597.43: 918 458 991 238 529 334 71 


661.00: 614 98 589 765 353 


472.57: 550 621 176 115 266 59 984 


709.50: 645 936 977 811 833 521 723 230 


507.00: 373 641 


505.50: 591 202 550 924 167 989 434 164 888 146 


760.00: 627 893 


522.82: 787 208 786 365 670 186 182 546 936 213 872 


538.80: 567 791 500 139 697 


506.22: 173 738 302 980 891 659 357 239 217 


340.50: 117 269 93 37 


407.25: 543 201 130 551 404 777 532 120 


548.90: 295 658 146 242 908 642 956 843 70 96 


488.00: 254 235 641 822 


452.25: 43 971 141 654 


526.00: 740 155 586 359 58 766 150 189 867 859 


783.50: 586 981 


399.75: 329 375 82 70 


503.00: 646 433 277 656 


482.63: 612 51 782 864 25 133 104 600 


454.00: 216 462 140 758 738 410 


474.25: 930 267 691 256 121 131 951 447 


348.50: 471 226 


453.75: 812 341 248 414 


347.88: 48 75 207 91 350 99 4 147 


443.13: 948 456 746 169 328 154 507 237 


557.75: 850 693 52 165 


362.00: 603 373 110 


503.00: 202 821 253 893 251 598 


633.00: 633 


414.88: 331 274 457 875 207 482 250 443 


202.00: 202 


463.80: 790 445 170 944 223 735 185 259 114 773 


466.50: 567 477 341 48 


372.75: 304 265 189 733 


518.00: 895 419 835 312 129 


432.00: 495 179 622 


318.50: 775 376 346 131 143 140 


566.00: 380 752 


476.40: 445 580 131 420 806 


242.67: 220 111 397 


436.11: 129 594 143 482 547 487 630 716 197 


499.67: 455 796 248 


641.00: 178 738 86 780 


611.83: 275 355 760 950 664 667 


460.88: 402 295 899 381 122 639 475 474 


592.00: 568 530 833 660 569 392 


569.00: 369 897 249 880 960 185 443 


517.40: 375 553 273 761 625 


468.13: 725 965 598 284 28 225 349 315 


518.00: 280 502 935 255 189 947 


452.44: 147 495 473 712 254 26 493 321 913 


527.00: 527 52 


584.67: 472 590 692 


482.00: 662 144 133 850 165 770 976 785 115 220 


723.00: 723 


382.89: 4 50 561 794 155 323 273 929 357 


611.50: 228 995 56 766 530 340 749 71 


412.67: 214 69 2 139 126 855 456 214 987 


556.22: 338 467 327 122 769 765 366 88 966 


456.22: 218 914 342 152 15 328 845 933 222 


407.89: 75 25 935 685 205 201 441 858 246 


681.83: 809 864 674 550 819 375 


524.09: 920 978 224 34 45 930 309 208 478 33 991 


460.71: 782 379 155 563 320 44 586 


845.33: 875 847 814 


662.17: 509 403 85 895 567 746 


481.43: 310 219 302 796 76 472 505 


711.17: 725 32 822 974 485 936 


487.67: 113 48 366 665 646 653 


420.00: 490 538 1 28 496 570 


644.00: 644 


568.27: 484 161 885 916 320 797 262 791 94 24 670 


307.50: 488 127 


637.11: 599 682 701 903 831 20 308 58 921 


586.57: 227 945 719 672 312 439 792 


434.00: 510 173 305 591 59 


360.50: 43 678 


383.40: 281 342 23 301 261 217 671 348 702 479 


508.50: 119 898 


374.00: 460 288 


295.00: 613 21 59 


709.50: 873 546 


371.00: 371 


609.40: 686 880 121 922 487 776 783 150 352 937 


420.11: 221 668 472 565 453 738 181 10 382 


734.67: 955 625 624 


711.00: 793 469 310 919 980 795 


501.80: 966 434 114 493 571 772 127 888 530 123 


475.40: 904 43 211 325 503 


508.67: 746 888 545 774 656 288 102 398 181 


457.75: 601 273 379 794 563 68 50 319 


565.00: 762 637 296 


584.40: 891 105 605 965 949 362 846 286 611 224 


517.86: 762 918 475 152 307 96 44 


588.83: 648 151 831 749 23 915 


434.33: 525 10 673 


362.00: 301 275 52 282 417 511 319 374 25 


445.00: 733 177 568 616 131 


343.33: 247 401 382 


670.60: 382 758 877 618 71 


488.25: 709 576 54 122 


459.75: 280 187 254 911 213 434 53 865 


456.40: 788 208 8 329 14 


791.00: 696 88 


473.29: 457 296 270 41 649 556 675 


700.33: 241 934 926 


622.67: 255 8 852 29 818 647 608 767 510 


83.50: 73 94 


542.00: 560 555 511 


500.57: 681 330 395 451 156 59 895 


477.60: 73 594 618 749 354 


365.00: 23 508 564 


640.00: 934 899 719 339 57 205 253 944 932 596 


577.89: 889 209 915 930 591 663 265 563 176 


557.10: 660 95 623 821 534 15 579 763 385 102 


430.20: 40 332 870 431 478 


477.30: 429 45 322 609 403 521 789 263 74 235 


469.43: 689 401 225 351 242 71 666 


292.00: 237 246 262 423 


469.78: 140 111 517 859 122 65 734 642 451 


322.00: 318 326 


508.25: 797 462 254 520 


642.75: 354 419 831 967 


443.40: 526 232 285 770 404 


633.88: 694 984 58 980 357 564 129 779 


491.14: 60 63 940 525 2 746 879 


780.33: 974 906 461 


348.20: 177 56 298 317 382 


614.25: 587 697 683 490 


704.50: 457 952 


455.60: 702 146 413 698 425 471 223 84 297 338 


643.00: 775 529 445 597 645 867 


586.55: 305 109 528 348 449 594 929 775 717 854 844 


277.25: 369 432 168 140 


466.00: 26 929 387 522 


477.50: 705 250 


417.40: 227 108 290 138 304 492 922 17 992 529 


578.50: 125 88 832 47 


509.17: 762 249 78 807 209 23 


492.38: 601 481 437 136 786 752 128 618 


697.17: 821 710 725 935 122 870 


576.20: 622 25 589 524 505 708 649 702 826 385 


622.50: 878 367 


642.33: 691 676 560 


441.25: 378 681 376 330 


430.50: 456 376 181 709 


502.40: 855 743 317 302 461 435 277 595 214 825 


604.00: 579 318 803 348 892 684 


461.13: 379 824 561 772 463 141 182 367 


625.89: 435 842 840 761 32 298 218 931 987 


746.60: 356 444 200 411 216 356 178 765 1000 354 


724.17: 924 418 74 389 991 875 


647.88: 792 629 844 849 880 153 234 802 


470.86: 196 4 588 605 363 826 222 


763.00: 784 64 861 


615.88: 952 866 672 166 782 628 546 315 


566.50: 636 310 65 670 


687.50: 600 775 


681.57: 709 50 256 9 966 949 426 


541.75: 791 24 582 553 


520.91: 512 815 698 199 162 618 487 847 344 201 847 


685.09: 899 549 792 75 905 758 545 514 4 675 733 


450.60: 454 380 77 103 546 


604.33: 469 902 571 130 852 702 


554.64: 668 797 47 799 305 205 638 284 989 11 820 


498.00: 124 324 806 446 790 


558.00: 900 325 49 297 520 762 374 815 291 80 


486.13: 293 985 499 303 4 609 25 538 


594.50: 393 583 285 875 991 566 826 342 647 437 


634.75: 538 630 565 675 455 706 931 578 


733.40: 935 862 373 933 564 


607.00: 666 928 317 914 469 348 


382.67: 193 493 464 599 569 470 27 6 319 


372.33: 264 51 960 155 109 232 


640.00: 781 583 50 522 515 715 861 


456.80: 56 922 364 142 323 251 502 793 827 388 


370.50: 420 321 


506.00: 759 718 748 185 60 73 40 851 575 


394.71: 776 226 257 447 242 612 203 


606.10: 927 870 346 165 980 175 809 343 657 789 


485.00: 897 298 260 


565.13: 538 861 952 955 253 542 303 117 


570.60: 509 740 585 803 301 629 827 232 892 188 


733.00: 221 979 756 97 


423.50: 507 340 


708.25: 557 978 819 479 


424.27: 558 745 445 627 524 119 149 109 85 66 466 


651.00: 98 804 872 591 719 822 


542.67: 329 512 665 608 541 60 


734.00: 868 739 595 


599.50: 728 471 


610.38: 276 644 106 508 983 865 738 763 


387.75: 740 384 693 203 386 116 331 249 


440.82: 288 430 602 492 515 155 241 63 563 35 579 


628.90: 802 240 790 70 379 674 612 367 766 959 


652.00: 655 850 804 926 323 197 809 


625.67: 814 680 239 297 802 92 


681.33: 593 299 931 846 979 503 989 386 60 


623.13: 918 854 753 664 422 247 264 863 


481.67: 802 102 541 


512.83: 389 53 665 868 101 515 


337.50: 640 100 100 431 526 228 


521.80: 748 344 436 392 717 977 540 184 669 211 


695.00: 846 422 594 719 894 


672.00: 993 465 42 570 994 835 50 456 805 


413.00: 92 721 812 39 48 


634.90: 460 862 625 9 590 878 716 204 922 167 


704.20: 798 800 240 493 792 893 585 48 971 985 


488.30: 726 440 517 172 428 838 35 792 101 51 


361.67: 290 125 670 


660.14: 671 189 995 624 726 554 862 


493.83: 707 123 75 721 454 205 


502.88: 547 474 401 133 985 12 502 856 


578.00: 659 810 265 


499.67: 503 793 252 523 379 475 675 669 228 


405.67: 892 60 117 40 142 274 


425.20: 179 62 167 297 963 122 702 703 235 255 


626.00: 465 944 469 


528.33: 443 60 711 818 116 479 


528.44: 689 27 822 571 730 127 530 381 627 


167.00: 167 


568.38: 114 828 330 899 440 176 83 924 


472.67: 693 307 507 237 204 888 


553.60: 617 655 135 765 596 


606.00: 344 989 473 46 911 92 141 


470.64: 895 593 437 169 453 862 252 521 30 154 540 


507.83: 730 129 897 39 770 124 


589.80: 423 409 974 585 715 283 643 49 842 531 


593.50: 454 4 624 321 969 73 


591.75: 317 475 981 594 


679.00: 468 628 79 991 782 356 730 


271.00: 271 


479.17: 298 666 132 92 421 436 


137.00: 137 


594.44: 645 489 670 143 725 322 955 926 475 


554.63: 957 822 504 212 581 250 657 454 


651.50: 326 692 352 641 831 6 995 744 


664.00: 676 652 


367.33: 41 614 447 


737.57: 774 93 890 883 333 452 897 


295.00: 295 


367.33: 484 449 169 


524.57: 756 851 643 119 387 228 68 


509.00: 212 806 


92.50: 78 107 


785.00: 785 


471.75: 812 590 370 115 


572.89: 580 611 274 174 841 123 777 780 996 


478.00: 181 813 627 301 699 443 319 100 819 


697.50: 569 826 


507.11: 251 99 477 543 349 598 315 890 150 


630.80: 865 870 14 332 947 


428.20: 378 643 116 697 30 


340.50: 449 232 


403.20: 624 49 152 265 481 


589.00: 262 753 752 


479.43: 68 105 735 523 921 536 468 


246.00: 75 159 504 


604.70: 942 334 465 155 329 93 406 767 927 783 


472.17: 69 853 584 146 677 504 


809.50: 864 755 


358.33: 406 268 443 120 525 388 


584.10: 633 632 538 808 441 488 196 963 171 971 


449.30: 469 396 106 990 344 618 223 322 193 832 


673.60: 998 445 441 861 623 


609.50: 802 417 


497.67: 27 192 736 774 785 472 


413.00: 224 622 225 913 197 297 


630.00: 524 752 91 47 626 928 260 991 


495.56: 370 291 290 360 378 855 691 292 933 


555.60: 307 57 705 639 985 652 595 249 397 450 


526.22: 527 143 9 126 557 650 519 35 912 


436.50: 21 852 


522.80: 425 74 270 898 915 13 225 715 439 461 


606.91: 667 336 247 9 988 498 392 643 963 680 315 


430.50: 20 841 


562.80: 872 711 821 661 976 0 111 456 194 750 


224.00: 224 


646.00: 823 956 95 413 699 287 208 826 


250.00: 250 


751.44: 621 944 508 975 330 791 940 83 824 


401.78: 16 68 925 218 521 239 196 514 919 


490.20: 442 529 131 390 959 


143.50: 5 282 


408.50: 542 275 


612.00: 887 337 


200.25: 307 110 210 174 


563.57: 432 665 89 377 544 299 733 


773.60: 484 824 989 598 973 


479.67: 144 55 741 


576.00: 66 994 374 805 107 995 724 543 


405.00: 405 


533.80: 649 676 348 394 602 


678.44: 507 329 999 731 350 417 845 973 955 


331.86: 197 82 81 35 80 450 653 


129.50: 76 183 


357.00: 571 491 217 149 


369.44: 513 485 421 564 255 392 155 436 104 


370.60: 551 515 274 32 189 


728.75: 965 937 742 271 


544.00: 544 


507.50: 228 657 846 299 


646.00: 646 


507.13: 199 639 236 547 246 952 843 395 


623.56: 674 432 558 901 451 339 733 851 673 


489.20: 607 591 38 131 142 949 385 881 348 477 


659.00: 998 801 994 785 284 714 515 723 117 


625.11: 707 512 831 887 539 56 799 50 273 


552.70: 623 897 463 81 353 442 107 872 113 844 


615.71: 919 75 135 757 842 155 743 


466.67: 200 360 84 


457.00: 73 182 3 886 316 943 360 565 35 508 


407.67: 475 300 258 51 256 639 


578.25: 397 784 332 930 805 491 51 376 


701.75: 576 863 386 982 


318.00: 135 396 423 


517.14: 374 594 449 624 521 144 91 


753.00: 753 


512.10: 980 610 293 214 977 319 297 152 299 980 


492.50: 508 954 163 345 


493.67: 735 308 136 415 569 799 


267.33: 104 510 122 626 107 135 


555.44: 651 971 648 164 100 968 458 846 193 


516.40: 512 790 167 143 183 785 440 696 962 486 


532.33: 215 768 614 


338.33: 358 139 518 


273.00: 5 81 733 


716.80: 531 879 695 979 500 


610.71: 272 552 700 746 267 837 901 


677.00: 546 93 264 692 947 


538.91: 798 257 635 107 770 341 47 870 475 267 93 


556.20: 280 904 760 505 332 


764.33: 783 65 857 


467.00: 541 183 437 802 825 408 182 358 


536.43: 965 203 174 689 910 287 527 


529.25: 740 186 934 395 499 422 360 698 


539.30: 14 656 846 577 42 510 521 728 436 678 


664.75: 647 920 801 291 


650.67: 496 569 887 


495.43: 387 513 366 690 839 231 442 


531.00: 693 289 631 91 131 


634.43: 212 90 497 673 896 648 613 


550.50: 877 224 


477.50: 267 417 395 777 393 616 


379.33: 79 522 537 


232.00: 165 213 318 


320.67: 361 142 459 


526.86: 296 457 911 763 998 123 140 


572.33: 716 69 820 712 392 409 306 924 176 


613.83: 549 932 903 184 604 511 


493.80: 841 391 36 222 775 866 594 156 478 254 


565.70: 851 192 504 609 524 507 622 841 722 285 


816.00: 816 


632.90: 676 638 265 931 532 713 363 921 982 308 


456.67: 607 448 315 


585.18: 387 901 835 4 893 618 25 288 846 233 74 


427.83: 64 360 454 758 3 573 


739.50: 713 766 


787.00: 787 


702.25: 970 411 999 42 


630.60: 831 52 250 698 853 


561.00: 670 491 547 517 617 524 


614.45: 243 716 545 507 202 90 847 776 500 980 541 


599.00: 533 323 931 806 672 329 


570.90: 998 104 580 828 366 487 693 547 529 577 


394.00: 429 359 


632.67: 700 822 1 697 812 643 


627.44: 583 930 922 152 439 350 694 756 821 


371.22: 164 429 278 795 548 375 151 11 490 


654.00: 583 720 466 931 421 803 


331.50: 528 135 


607.14: 675 944 445 578 105 730 773 


373.89: 176 750 217 348 561 11 164 378 660 


488.75: 237 721 283 890 696 380 568 135 


444.55: 533 49 177 498 700 263 597 443 100 819 267 


464.14: 716 328 190 914 101 96 39 


732.00: 467 997 


639.67: 745 75 419 


536.80: 855 466 703 323 337 


572.43: 971 445 546 143 753 932 217 


390.11: 322 234 709 911 132 378 248 289 288 


538.00: 333 857 424 


674.40: 954 481 923 232 782 


810.00: 867 753 


535.36: 697 631 235 821 531 528 59 690 242 404 512 


507.78: 777 601 528 835 314 183 632 700 0 


721.44: 866 427 505 351 966 981 904 90 589 


691.75: 933 344 854 647 143 997 993 62 


567.00: 387 386 116 385 779 755 573 732 361 815 948 


161.00: 161 


437.00: 7 867 


558.67: 590 736 394 430 901 442 399 953 18 


760.50: 916 605 


671.50: 818 873 124 547 969 459 741 84 


573.86: 256 934 678 572 632 357 588 


571.33: 444 859 500 113 584 979 666 611 386 


739.44: 849 151 442 823 879 722 841 999 94 


479.25: 379 595 444 499 


484.00: 541 546 848 305 412 463 265 270 706 


648.50: 959 182 859 768 780 343 


673.00: 874 382 969 159 393 821 9 927 530 754 


679.33: 478 672 888 


583.75: 358 149 834 99 


499.50: 964 35 535 14 


611.78: 901 554 224 996 832 872 583 27 271 


485.80: 147 841 443 644 354 


691.33: 944 566 559 511 831 943 87 625 370 


626.25: 219 183 97 584 994 985 350 722 


641.25: 45 930 735 855 


299.43: 47 299 356 769 195 170 260 


506.50: 137 876 


608.00: 608 


465.29: 149 965 515 76 637 105 121 


436.38: 919 389 110 495 363 179 517 519 


511.33: 218 483 720 880 385 631 967 167 151 


300.75: 415 120 149 519 


492.00: 371 759 771 353 815 121 684 372 200 474 


511.57: 310 812 232 920 324 279 704 


527.25: 84 18 864 786 932 372 69 470 


574.43: 960 152 705 432 259 766 747 


650.20: 982 414 686 929 240 


399.50: 253 546 


683.00: 697 669 


581.00: 262 877 814 711 241 


483.17: 501 540 678 586 135 459 


449.13: 343 534 443 621 816 206 134 496 


471.33: 844 460 11 


739.83: 340 739 752 883 83 892 


874.00: 832 833 957 


519.13: 846 947 526 134 804 245 293 358 


279.00: 279 


338.25: 420 270 316 347 


584.80: 569 786 342 640 587 


334.83: 204 193 132 390 514 576 


472.33: 114 957 346 


463.56: 204 906 944 356 148 351 523 621 119 


486.00: 774 19 650 551 277 879 40 230 410 


491.67: 774 38 341 815 724 68 145 123 435 


606.57: 568 971 254 973 472 409 599 


520.86: 496 452 142 920 959 486 191 


450.00: 540 360 


60.00: 60 


423.00: 55 627 119 812 337 122 686 743 306 


587.82: 671 556 243 990 308 233 659 759 866 220 961 


556.00: 864 408 627 325 


425.30: 144 316 149 51 290 799 921 107 877 131 


524.00: 781 378 963 338 562 122 


481.40: 209 767 904 334 193 


600.43: 296 596 611 222 709 925 844 


761.00: 726 79 


610.57: 701 747 32 926 443 465 665 


479.33: 49 217 845 506 565 732 297 613 490 


581.25: 193 874 279 979 


550.44: 760 831 605 399 950 145 583 13 548 


369.00: 42 276 317 347 160 436 695 465 583 


705.67: 887 720 510 


516.22: 813 900 448 525 183 889 182 207 499 


535.67: 998 596 246 543 665 515 63 383 240 


612.14: 177 824 201 971 872 286 954 


511.90: 290 852 236 845 324 698 451 153 903 367 


585.67: 239 445 544 944 596 746 


456.83: 580 11 113 820 560 558 


624.45: 658 487 832 905 50 966 325 929 565 344 353 


548.71: 868 621 429 228 386 79 513 


691.50: 726 657 


867.00: 867 


592.00: 592 


499.27: 572 727 382 301 662 414 570 608 269 577 410 


533.33: 426 246 928 


550.50: 875 675 414 238 


660.44: 404 879 635 958 312 505 978 435 838 


503.43: 852 222 8 237 467 484 440 


594.50: 923 350 969 233 118 809 61 735 


546.88: 477 665 441 995 486 657 411 243 


389.25: 542 16 175 678 


467.71: 245 207 750 851 816 238 167 


573.20: 619 429 434 606 538 878 511 959 170 588 


608.00: 665 471 645 834 165 868 


363.00: 363 


644.70: 869 804 236 504 695 576 751 723 964 325 


652.78: 593 972 812 719 152 587 998 372 670 


319.50: 26 42 784 426 


525.88: 616 728 100 625 324 308 905 601 


733.00: 795 860 544 


664.38: 374 684 972 972 322 897 788 306 


567.00: 795 477 639 704 824 115 4 


540.00: 388 71 53 927 614 


545.22: 227 733 116 833 871 333 286 724 78 


415.89: 135 954 542 519 228 104 203 32 735 


520.56: 965 354 133 985 264 220 593 396 775 


480.00: 571 389 


582.00: 582 


432.25: 299 253 801 173 763 123 416 630 


534.00: 863 440 454 538 324 98 135 


450.67: 407 694 251 


610.11: 587 161 434 714 817 464 791 91 612 


515.67: 825 327 560 664 380 338 


676.50: 712 641 


613.38: 675 118 723 901 490 540 880 58 


660.60: 578 863 749 645 468 


727.50: 627 622 871 748 762 735 


383.20: 93 778 459 166 420 


487.67: 72 596 795 


379.29: 121 368 838 33 428 426 13 


499.29: 911 642 312 58 17 655 376 


230.25: 36 52 573 260 


664.00: 549 77 


24.00: 24 


444.25: 464 957 132 224 


516.40: 317 755 789 258 807 771 108 730 508 121 


571.00: 595 982 187 520 


307.00: 307 


438.50: 494 54 473 243 


617.00: 552 48 737 976 338 


470.67: 198 32 823 187 531 757 


356.00: 126 58 


684.67: 384 924 746 


499.78: 368 807 547 140 481 937 118 466 634 


521.00: 706 683 451 244 


569.17: 681 525 625 113 739 732 


459.67: 815 433 131 


739.90: 734 667 487 584 876 994 941 851 393 872 


617.70: 885 512 19 413 751 871 515 862 618 558 


541.00: 164 125 628 345 855 836 375 757 784 


503.00: 152 653 704 


466.25: 7 763 281 463 929 358 517 412 


552.91: 983 148 748 43 211 29 687 660 543 49 880 


340.60: 128 602 134 388 451 


714.50: 860 569 


354.29: 858 171 43 612 12 22 264 


525.83: 933 307 371 970 250 324 


583.20: 386 352 499 894 785 


605.57: 784 990 652 535 644 437 19 


463.00: 22 150 415 928 195 291 862 413 940 414 


526.43: 753 892 1 376 788 523 161 


550.50: 389 633 773 258 22 765 868 759 377 455 


747.50: 744 586 715 966 987 48 


550.88: 468 620 419 660 302 950 774 21 


437.14: 374 488 421 247 47 853 200 


740.00: 459 981 780 


604.60: 574 5 184 999 692 


511.50: 31 992 


675.88: 510 927 693 771 623 656 755 472 


493.18: 76 120 921 729 124 622 172 612 841 544 664 


637.60: 820 896 502 452 982 709 710 266 92 113 


839.50: 761 918 


460.83: 982 274 432 509 165 403 


614.73: 210 755 550 770 123 56 694 730 491 931 945 


462.80: 515 229 908 528 845 427 377 53 117 145 


476.20: 69 809 702 275 526 


301.33: 356 389 159 


477.88: 395 644 528 492 720 279 572 193 


814.00: 759 86 


417.00: 725 718 36 22 252 


545.83: 97 701 952 203 348 974 


359.33: 187 504 387 


438.25: 337 611 6 140 361 599 378 469 


481.00: 601 194 788 762 448 433 237 385 


294.67: 259 375 250 


627.60: 465 976 70 256 735 


696.80: 228 966 512 952 826 


567.78: 751 72 707 215 335 887 468 584 442 


521.00: 997 105 638 297 568 


649.80: 982 769 24 331 918 


491.20: 79 827 246 117 271 541 939 416 593 883 


199.00: 53 345 


469.00: 825 842 218 821 293 117 167 


774.33: 789 717 81 


391.60: 23 186 792 48 475 


674.30: 459 623 66 982 845 892 932 501 532 314 


439.71: 727 592 162 216 481 761 139 


756.83: 905 630 917 605 589 895 


416.83: 621 161 200 899 455 16 


524.43: 741 160 317 136 711 665 941 


382.88: 236 142 520 425 114 780 233 61 


388.50: 261 508 398 458 712 287 137 604 420 10 


615.00: 228 86 979 26 806 898 257 


530.64: 721 215 750 274 281 130 637 473 850 698 808 


522.33: 995 119 453 


352.00: 64 640 


447.67: 90 84 472 829 806 405 


706.67: 601 453 975 59 721 895 


475.13: 568 224 645 616 298 66 25 757 


381.50: 198 565 


423.67: 66 48 190 6 827 67 195 886 234 


660.67: 579 834 738 14 728 937 


569.67: 407 15 368 614 941 321 937 807 575 


255.00: 255 


496.11: 675 477 412 489 381 523 586 618 304 


471.00: 471 


702.29: 674 141 951 744 632 861 913 


539.44: 793 157 609 150 759 975 472 224 716 


881.50: 794 969 


388.56: 561 174 181 324 780 137 263 677 400 


499.33: 749 799 421 220 370 147 18 653 948 


519.50: 790 249 


602.50: 819 439 979 521 819 417 856 227 388 560 


375.33: 342 528 256 


918.00: 918 


437.36: 159 496 447 95 3 141 375 538 523 440 700 


434.83: 36 170 413 541 699 750 


988.50: 997 980 


544.91: 332 576 377 890 576 425 903 643 646 234 392 


451.00: 746 566 128 240 423 60 


565.30: 88 857 678 674 281 265 628 897 605 680 


480.00: 327 633 


533.10: 754 67 470 896 230 329 421 415 824 318 


491.17: 135 994 691 79 84 252 


577.57: 942 633 293 141 526 859 64 


757.75: 897 518 933 683 


678.33: 461 602 844 503 721 939 


450.22: 815 102 359 315 510 510 947 247 247 


657.33: 934 687 877 650 726 528 879 522 113 


588.33: 511 191 823 929 63 437 


103.50: 77 130 


478.00: 327 228 315 487 746 916 251 170 770 5 


486.20: 58 206 929 302 936 


464.50: 584 345 


647.83: 322 895 862 703 50 602 


299.00: 168 430 


440.75: 25 588 952 198 


589.80: 259 171 811 885 823 


547.86: 829 95 45 450 475 154 923 


731.17: 713 960 901 517 400 896 


482.33: 633 896 125 896 173 171 


494.00: 497 155 940 749 12 


486.00: 846 126 


498.29: 325 242 112 989 331 584 905 


800.33: 518 977 791 806 808 902 


331.50: 290 373 


611.75: 960 770 114 552 964 646 54 342 


462.22: 244 288 23 215 969 655 422 136 993 


643.67: 673 555 771 712 92 938 156 585 481 


522.50: 405 850 401 297 844 338 


452.40: 11 484 553 950 264 


734.80: 760 500 928 908 57 


542.67: 915 65 58 


492.75: 637 530 373 431 


516.67: 812 518 374 531 438 427 


718.25: 899 80 212 953 


724.00: 867 332 965 732 


575.00: 830 593 571 732 784 74 226 120 


475.57: 235 214 790 575 24 732 538 


436.57: 972 388 424 249 119 559 345 


471.60: 431 252 57 858 245 


649.60: 423 91 772 981 178 869 184 879 976 321 


438.50: 882 14 173 557 


493.13: 8 945 826 630 805 239 389 103 


567.40: 781 325 635 721 375 


565.25: 475 706 416 664 


351.50: 393 128 335 716 363 174 


634.00: 766 75 803 371 755 799 188 


444.86: 391 429 104 223 388 964 615 


756.75: 872 935 909 311 


686.00: 564 962 53 


543.00: 927 159 


575.91: 608 912 549 315 524 250 881 466 58 397 84 


406.50: 335 550 333 408 


711.50: 584 376 999 887 


685.67: 269 94 839 


470.50: 165 879 152 737 340 253 460 163 78 773 


562.75: 223 607 496 925 


708.00: 711 753 660 


482.00: 193 387 764 765 839 486 132 341 43 


432.50: 200 665 


528.50: 237 625 187 829 907 207 561 675 


780.83: 949 84 960 771 676 480 


502.20: 243 94 330 734 261 


609.63: 906 56 805 595 713 603 574 115 


379.67: 697 380 21 46 568 377 


461.22: 459 533 159 587 329 702 258 658 466 


490.50: 78 894 528 789 786 164 312 363 200 791 


366.45: 99 204 447 103 305 716 362 492 279 747 277 


353.00: 130 576 


861.00: 861 


561.80: 581 252 260 972 744 


543.90: 303 969 373 97 194 376 72 769 291 465 


228.50: 93 30 129 809 205 105 


608.50: 756 628 690 221 730 626 


677.45: 299 20 869 876 922 883 290 939 669 92 567 


605.63: 993 978 109 116 414 502 979 754 


382.00: 382 


695.57: 874 409 803 924 259 846 754 


506.33: 427 583 509 


473.36: 238 210 295 60 128 62 667 649 763 393 631 


376.20: 386 442 42 65 648 83 310 277 195 179 


548.50: 257 796 324 940 97 297 112 642 974 173 


555.71: 936 545 968 107 480 451 403 


900.00: 900 


623.67: 426 826 517 338 995 741 628 274 868 


456.71: 875 750 186 255 736 267 128 


600.00: 666 442 416 135 916 661 964 


526.67: 567 111 427 663 811 58 


577.45: 623 4 821 983 676 525 310 100 361 975 555 


467.67: 522 746 135 


559.40: 353 487 890 609 147 504 856 24 879 623 


445.00: 577 298 546 261 147 672 235 565 704 


565.30: 347 595 506 812 262 859 585 288 729 670 


439.78: 744 664 888 297 243 123 106 467 426 


511.91: 709 501 244 444 691 507 595 600 653 160 527 


616.86: 874 104 163 412 876 891 998 


550.43: 374 747 736 414 33 935 313 


566.20: 920 15 261 695 80 


423.56: 87 997 115 997 792 143 200 257 224 


529.90: 422 322 386 761 854 645 377 436 279 817 


784.00: 612 956 


574.60: 527 934 340 797 247 380 172 799 692 858 


610.56: 974 446 566 352 808 757 166 43 990 


426.33: 300 72 259 


650.20: 462 950 578 474 787 


608.25: 404 339 755 935 


214.75: 28 371 280 1 


566.00: 833 666 199 


383.00: 226 285 532 219 273 76 


578.25: 241 674 839 55 


437.17: 64 480 996 147 124 812 


633.50: 482 866 810 612 29 641 730 635 


934.50: 885 984 


504.78: 765 138 208 54 984 378 389 40 724 


572.33: 497 260 9 


516.89: 496 442 278 465 161 768 970 473 599 


695.90: 455 823 877 881 969 133 676 473 701 971 


575.40: 905 707 765 382 118 


560.33: 797 418 6 950 317 156 693 784 310 


387.00: 673 101 


530.00: 465 69 296 204 110 824 915 853 164 77 


452.43: 52 13 524 326 874 984 39 


345.50: 121 5 332 408 


502.33: 148 934 363 811 479 279 


492.33: 777 107 178 318 727 847 


413.33: 175 478 403 39 667 364 


561.83: 253 59 300 660 666 899 


553.60: 694 185 796 400 693 


671.44: 495 781 52 383 879 666 752 828 73 


517.27: 541 681 304 594 879 153 656 546 58 345 405 


534.89: 401 269 64 652 949 417 810 126 541 


563.50: 441 686 


576.75: 688 525 434 158 991 892 255 671 


577.00: 135 947 608 618 


534.00: 892 147 954 143 


462.75: 733 523 2 372 


594.75: 784 425 19 975 


578.67: 243 649 268 804 809 69 


503.71: 46 887 428 751 19 786 437 


471.50: 40 903 


422.60: 133 144 337 788 711 


689.33: 715 829 183 952 899 558 


631.78: 684 725 450 703 248 436 712 949 779 


481.82: 81 325 463 654 121 549 432 809 541 441 884 


801.50: 569 923 725 989 


551.50: 250 491 769 378 388 847 491 525 936 440 


550.60: 663 508 381 763 438 


534.27: 154 418 213 452 210 969 715 530 48 744 992 


497.50: 54 388 200 61 878 855 


779.00: 588 634 928 966 


498.90: 710 928 378 177 451 775 380 290 520 38 


593.50: 988 199 


701.67: 797 889 419 


549.17: 589 52 803 259 877 238 


451.00: 258 183 816 72 202 521 


540.38: 292 606 467 372 992 226 444 924 


611.00: 757 251 830 631 942 364 40 685 743 50 


509.33: 677 732 815 435 634 360 218 11 595 


371.00: 594 317 326 247 


482.00: 39 415 134 825 542 533 96 405 


480.67: 143 652 647 


598.67: 438 983 222 444 791 714 


560.33: 336 488 824 638 643 43 


636.00: 247 793 861 960 998 656 537 301 371 


605.22: 570 859 381 782 776 410 536 953 180 


523.45: 105 225 664 897 222 659 159 595 857 713 662 


374.80: 197 249 849 135 444 


491.67: 580 306 589 


420.29: 65 132 174 894 982 118 577 


616.70: 317 688 860 920 222 753 702 149 656 900 


570.60: 755 105 363 816 814 


341.67: 443 273 309 


538.00: 514 642 458 


589.91: 282 934 318 615 459 970 62 162 496 800 833 


534.33: 535 469 587 893 244 142 830 432 677 


590.50: 650 531 


625.89: 880 956 354 66 348 326 182 955 968 


815.00: 938 898 573 73 933 


511.36: 397 801 129 278 670 781 691 416 820 536 106 


817.00: 838 951 662 


665.29: 811 776 561 890 181 993 445 


844.00: 740 948 


636.00: 679 900 656 756 989 277 195 


547.40: 796 107 572 776 486 


668.17: 996 999 684 269 939 122 


839.50: 774 905 


553.00: 690 274 315 448 870 868 406 


558.25: 830 121 550 663 703 225 912 46 


600.75: 239 834 781 804 458 871 389 430 


560.00: 870 397 275 629 6 


549.90: 954 413 180 778 813 128 680 757 158 63 


362.17: 590 550 179 384 140 330 


353.33: 468 246 3 


614.73: 347 960 674 961 30 876 160 394 277 860 952 


506.00: 506 


366.20: 684 452 225 583 252 209 388 383 250 236 


598.57: 6 883 709 412 617 997 566 


599.50: 801 398 


568.67: 737 858 111 


632.33: 445 719 733 


501.00: 245 294 536 929 


502.00: 502 


812.83: 696 966 792 801 649 973 


476.80: 287 246 629 244 978 


585.80: 515 410 361 73 340 545 769 508 770 909 


601.00: 824 378 


702.33: 704 803 600 


149.33: 1 321 126 


600.00: 483 824 608 542 265 878 


406.00: 387 425 


340.70: 242 688 106 238 218 46 54 673 41 307 


693.67: 146 918 808 805 473 995 823 740 535 


584.56: 987 858 328 33 970 318 346 908 208 


487.50: 338 637 


570.60: 956 965 784 379 168 383 581 199 995 296 


639.40: 283 737 498 791 843 415 446 806 805 770 


520.60: 337 687 733 45 57 780 20 516 547 896 


188.00: 188 


393.50: 465 596 435 241 277 34 


516.73: 427 633 678 590 97 192 521 817 211 302 343 


512.20: 138 88 574 30 657 


602.00: 527 677 


528.00: 661 173 499 779 


444.50: 102 787 


692.20: 639 826 630 578 788 


587.50: 619 556 


661.33: 333 68 968 


783.11: 982 798 585 974 688 9 831 988 214 


702.75: 946 769 94 147 


465.00: 114 733 548 


512.82: 789 107 234 500 585 710 610 341 579 910 276 


370.00: 366 374 


539.40: 359 553 704 349 732 


697.75: 964 893 781 153 


272.67: 36 241 54 


600.89: 987 445 637 397 502 363 765 566 746 


528.00: 485 92 174 


400.00: 214 486 470 672 437 30 69 545 


595.00: 939 311 823 154 799 728 508 498 


628.18: 528 743 500 996 783 367 978 959 364 237 455 


427.00: 151 719 304 569 551 268 


655.00: 859 850 485 796 584 439 572 


669.83: 826 438 586 899 51 751 


688.00: 101 984 83 744 777 


488.83: 958 350 438 530 251 406 


312.33: 153 288 422 609 161 24 


426.00: 100 626 350 62 397 97 41 106 617 


406.50: 393 439 569 225 


691.00: 756 626 


545.73: 180 795 790 371 177 862 744 49 496 939 155 


413.38: 583 770 22 70 272 856 350 186 


823.00: 729 917 


398.00: 347 449 


615.40: 363 50 697 890 624 


387.00: 399 273 985 285 264 625 351 145 156 


589.17: 979 172 703 884 206 591 


342.00: 342 


526.40: 699 149 973 150 661 


827.67: 654 821 9 894 843 833 


551.20: 524 55 118 590 819 812 432 363 942 358 


638.00: 96 941 912 603 


573.67: 267 746 20 782 88 862 568 541 309 


592.86: 808 574 703 666 319 460 62 


681.50: 295 762 768 837 949 434 696 711 


519.40: 313 855 239 112 738 668 337 818 812 302 


570.57: 605 349 957 913 309 34 512 


475.60: 72 823 436 222 825 


258.50: 381 136 


578.89: 796 350 41 478 438 850 905 865 118 


677.30: 301 541 945 577 984 838 603 170 872 94 


421.50: 739 172 365 410 


676.00: 973 798 669 960 55 316 46 


590.20: 209 782 744 361 855 


548.50: 997 303 226 668 


644.45: 731 906 125 976 174 4 714 65 836 746 753 


653.67: 38 760 82 25 839 842 885 937 737 


518.33: 237 159 852 941 38 540 


430.50: 111 460 419 613 37 607 


500.75: 730 282 498 493 


804.25: 971 71 766 769 


530.22: 331 491 382 656 323 376 987 548 67 


649.50: 823 921 127 72 


556.67: 356 961 350 103 986 704 558 126 86 


468.29: 527 596 559 435 180 341 640 


470.09: 19 984 558 692 429 173 477 273 306 800 460 


434.11: 70 111 771 992 564 112 271 120 896 


576.67: 200 795 735 


327.75: 128 242 108 833 


408.00: 233 216 73 518 337 


614.75: 881 761 641 176 


390.00: 127 600 169 664 


466.00: 160 497 582 312 837 613 261 


524.56: 876 343 21 201 173 763 856 333 96 


452.50: 107 410 880 413 


487.33: 296 737 429 


400.00: 400 


441.50: 161 378 378 849 


349.33: 489 439 120 


342.67: 235 533 260 


236.33: 316 207 186 


396.50: 550 409 341 329 575 17 


503.67: 256 872 383 


507.10: 274 531 662 124 993 659 218 228 545 837 


541.10: 517 158 524 354 185 937 838 484 523 891 


635.57: 810 528 742 999 26 567 534 


487.55: 728 278 576 448 201 333 768 447 527 244 813 


630.00: 792 853 367 75 689 669 654 259 


407.75: 708 570 180 173 


581.82: 817 929 31 365 92 280 446 762 858 484 215 


336.57: 748 210 143 628 105 31 207 


478.00: 713 365 356 


453.33: 232 277 723 544 392 55 


681.67: 860 444 950 532 372 932 


55.00: 55 


297.00: 297 


675.80: 803 964 348 951 313 


309.00: 140 45 84 62 275 403 577 296 178 625 


422.00: 116 350 483 365 29 167 676 936 618 214 


551.40: 483 608 728 808 976 555 141 202 690 323 


600.00: 832 281 995 292 


631.63: 982 383 653 65 734 791 597 260 


390.50: 182 187 753 555 414 252 


532.80: 61 695 640 622 646 


1097.40: 855 27 333 1000 583 555 564 990 156 416 


468.57: 917 477 393 123 216 437 717 


668.33: 784 363 858 


381.71: 355 516 140 528 345 181 607 


571.57: 825 375 20 707 776 707 406 


517.57: 282 416 65 889 824 124 432 


418.33: 321 335 715 151 80 209 698 222 313 


438.71: 631 28 372 154 603 668 362 


564.50: 307 682 286 4 608 987 384 776 


605.56: 682 809 725 41 536 315 911 645 412 


519.00: 894 14 


411.60: 445 391 735 113 374 


483.00: 483 


613.00: 874 157 547 538 949 


365.00: 418 188 92 100 319 237 


525.40: 67 106 826 690 938 


418.80: 470 642 245 576 161 


782.67: 724 884 740 


769.50: 888 150 309 993 970 928 956 962 


500.00: 121 603 485 404 786 214 745 595 547 


364.67: 219 351 524 


412.00: 305 745 186 


410.25: 258 730 38 273 


537.29: 536 540 901 633 691 170 29 


496.00: 193 34 527 921 


589.10: 939 682 15 408 315 36 956 235 913 926 


619.67: 532 678 497 657 661 693 


734.50: 914 390 619 508 988 988 


465.33: 251 740 725 508 164 40 


306.56: 38 111 1 262 391 659 235 837 115 


518.25: 248 402 916 507 


573.25: 927 871 540 408 535 383 388 534 


765.00: 772 526 809 984 921 624 762 722 


484.00: 383 317 570 787 275 674 556 176 490 612 


667.00: 795 859 840 90 129 32 580 710 861 


482.88: 28 753 229 162 834 248 686 923 


537.75: 252 764 781 354 


669.20: 550 999 170 950 677 


466.00: 262 852 243 22 29 873 555 947 715 313 114 


638.50: 508 335 739 874 921 454 


429.00: 983 109 195 


715.43: 998 289 477 753 857 902 732 


437.13: 633 695 304 218 373 355 153 766 


602.88: 877 396 231 840 294 721 679 785 


551.36: 194 71 631 983 507 661 132 78 181 503 777 


693.25: 770 971 846 186 


599.86: 710 191 225 963 913 28 914 


611.63: 336 518 987 356 955 420 605 716 


682.63: 604 957 299 966 686 458 552 939 


615.71: 197 91 578 325 794 761 738 


447.63: 324 492 676 203 454 498 582 352 


704.83: 846 8 715 319 924 579 


654.50: 360 839 927 572 948 281 


485.67: 57 523 877 


374.25: 208 357 576 356 


678.50: 620 87 267 816 907 903 154 39 904 950 


449.67: 9 325 380 364 990 800 552 522 105 


522.89: 719 574 808 614 465 237 37 497 415 


545.71: 864 363 250 430 887 463 563 


587.50: 180 735 584 851 


635.00: 635 


343.00: 626 404 166 17 


331.75: 9 240 872 206 


414.60: 54 351 291 763 614 


673.25: 724 495 83 639 


611.00: 844 94 812 171 284 


591.88: 821 175 987 42 559 993 142 631 


537.82: 180 413 986 403 388 306 710 184 714 740 892 


734.00: 734 


462.86: 593 69 101 516 554 641 142 


492.67: 772 889 342 382 119 684 128 472 646 


766.50: 855 852 730 629 


690.20: 882 730 771 337 731 


882.25: 807 854 884 984 


567.00: 753 145 376 696 491 941 


260.50: 174 448 199 221 


607.70: 722 564 945 75 388 268 897 526 607 405 


519.17: 77 519 905 566 756 292 


495.36: 632 93 262 373 876 281 558 43 762 217 118 


606.00: 483 936 501 497 543 479 411 9 693 


463.88: 328 56 858 219 153 834 235 516 


404.25: 434 192 96 29 


355.75: 152 354 716 201 


612.00: 715 509 


603.18: 823 403 218 256 736 880 91 828 105 514 962 


566.70: 668 474 662 501 608 416 111 664 600 963 


537.45: 240 81 531 369 457 387 523 311 927 939 418 


664.00: 731 102 798 125 887 904 835 930 


661.91: 245 274 1000 292 775 436 65 22 76 287 590 


705.67: 323 84 951 


515.33: 69 649 744 209 311 791 646 720 499 


441.50: 739 752 637 289 681 164 143 206 652 1 


519.00: 217 482 756 116 822 840 400 


910.75: 941 929 944 829 


645.00: 558 831 200 991 


927.00: 927 


363.00: 32 694 


382.40: 638 132 697 248 197 


636.00: 636 


478.22: 751 53 727 24 504 476 259 519 290 


532.25: 799 787 644 681 36 198 649 139 


347.88: 960 226 166 278 198 18 276 491 


558.45: 523 603 500 374 646 896 196 889 300 313 903 


687.43: 240 558 91 946 770 388 992 


321.00: 481 16 


565.67: 335 681 449 315 943 671 


571.25: 607 896 521 26 


457.25: 656 503 354 316 


501.00: 846 555 358 245 


555.18: 456 363 991 745 16 771 805 300 57 465 476 


366.60: 182 156 824 273 398 


657.00: 601 867 495 714 91 318 690 


584.83: 189 769 579 743 235 994 


456.60: 208 400 390 358 249 881 492 355 524 709 


482.75: 818 686 437 279 482 140 497 523 


676.80: 818 503 867 824 372 


876.75: 972 917 708 910 


449.63: 196 248 556 805 359 834 374 225 


663.25: 687 270 55 969 319 787 927 79 


437.56: 922 730 212 306 124 709 334 318 283 


414.14: 261 434 976 233 113 135 747 


424.80: 125 463 718 448 370 


310.18: 299 336 404 3 285 236 383 274 117 10 667 


589.60: 589 182 451 936 790 


545.67: 456 633 548 


534.50: 204 556 170 754 915 608 


612.11: 889 552 506 845 643 46 215 748 6 


219.00: 259 230 168 


632.71: 783 942 407 64 808 300 542 


433.00: 549 144 106 648 225 926 


616.80: 146 270 724 61 921 328 859 365 976 965 


416.00: 819 167 487 318 289 


596.27: 776 632 285 719 550 220 549 562 955 691 620 


386.75: 891 24 25 390 


464.82: 285 254 850 587 202 174 430 792 862 36 315 


577.25: 341 739 941 157 516 500 618 806 


479.00: 584 947 158 521 264 586 331 377 647 375 


495.67: 495 543 369 447 639 21 802 768 179 


520.11: 506 758 167 167 838 258 855 515 617 


454.00: 451 240 130 995 


500.00: 71 718 356 806 549 


581.91: 334 818 783 164 98 843 140 639 496 790 41 


496.33: 420 569 500 


627.50: 938 317 


469.86: 231 601 105 389 736 835 392 


551.50: 477 807 38 803 267 698 126 609 577 764 


361.20: 47 648 110 541 460 


628.71: 565 227 949 385 588 978 709 


444.29: 589 857 190 551 577 127 219 


608.25: 556 706 758 413 


634.43: 696 439 606 702 771 537 690 


605.25: 688 547 373 81 


485.25: 6 430 134 317 722 640 986 647 


581.50: 512 651 


502.50: 535 368 506 349 47 778 


342.00: 213 471 


563.80: 198 370 688 783 187 891 571 50 887 562 


324.00: 180 27 221 205 744 


623.14: 318 768 718 21 987 965 388 


622.43: 413 584 872 25 766 684 786 


503.43: 487 858 101 575 216 580 707 


488.70: 131 315 723 255 985 527 81 251 619 264 


493.20: 180 244 450 810 782 


597.00: 562 362 612 852 


412.11: 216 162 325 688 975 698 136 408 101 


665.67: 738 956 303 


602.50: 306 841 446 817 


410.67: 845 23 152 


571.17: 711 717 71 118 457 70 


699.57: 373 482 816 360 993 98 890 


636.50: 531 665 644 706 


453.71: 983 321 312 291 79 290 188 


363.43: 72 97 493 292 251 850 489 


467.33: 27 975 400 


643.00: 932 869 573 508 290 490 839 


538.50: 747 404 489 819 293 334 769 453 


538.91: 721 292 406 789 360 290 654 355 606 94 509 


407.75: 211 761 363 296 


589.75: 245 791 750 573 


292.00: 292 


542.11: 107 628 434 66 55 814 708 965 504 


489.50: 859 120 


647.75: 162 966 88 38 979 80 626 71 


563.50: 668 459 


558.88: 848 672 240 96 308 447 863 133 


494.67: 369 762 353 


383.50: 382 385 


425.00: 562 288 


349.33: 121 258 29 299 855 265 


544.44: 575 1 294 81 88 372 889 884 809 


610.33: 583 656 592 


373.33: 426 461 122 254 771 206 


651.25: 459 739 881 526 


457.33: 260 50 613 422 107 387 40 606 814 


626.67: 632 150 902 68 782 61 


679.00: 829 532 961 394 


482.17: 169 940 560 315 468 441 


512.25: 731 256 198 379 642 442 762 688 


459.71: 183 645 618 374 321 620 457 


556.67: 768 195 444 283 985 806 330 991 208 


601.13: 693 255 591 392 436 840 909 693 


600.40: 825 976 551 225 42 


163.00: 35 209 339 166 0 


419.67: 449 658 152 


504.17: 740 30 61 468 634 822 


781.00: 937 973 43 


377.20: 153 112 16 984 475 


186.00: 186 


581.00: 966 196 


607.00: 848 618 586 959 163 616 459 


574.57: 669 564 330 531 389 69 840 


663.20: 869 589 825 8 38 968 363 389 887 532 


650.50: 826 475 


444.67: 484 538 312 


553.80: 673 273 639 512 67 


396.00: 638 154 


469.71: 131 109 427 978 525 638 480 


495.71: 448 792 56 309 120 372 867 


292.67: 430 246 202 


715.00: 654 814 677 


488.29: 463 613 532 445 867 108 390 


379.67: 256 194 870 321 192 445 


522.00: 389 110 634 626 577 585 566 350 85 314 741 


628.75: 652 485 894 48 


679.00: 666 928 400 673 895 285 906 


408.00: 111 277 752 49 


652.86: 409 950 842 520 234 918 697 


673.80: 753 379 740 576 921 


892.00: 892 


669.70: 249 681 654 798 81 871 734 494 530 868 


699.56: 685 644 462 248 704 807 844 916 986 


569.40: 202 109 615 373 885 636 92 399 562 987 


513.73: 735 263 814 558 228 731 519 243 362 973 225 


659.63: 240 419 911 814 69 606 996 597 


429.88: 780 155 337 22 332 637 522 449 


448.67: 881 177 359 14 701 425 


874.33: 798 826 999 


728.33: 447 73 844 663 74 936 


619.33: 785 722 877 224 122 986 


275.50: 100 451 


385.38: 12 308 998 179 426 185 289 686 


585.00: 661 400 921 358 


441.80: 635 51 332 310 171 908 129 512 698 208 


530.78: 517 578 184 58 687 569 549 438 671 


539.00: 199 381 975 848 561 50 308 


981.00: 981 


493.75: 375 893 73 382 258 675 434 200 


661.00: 709 613 


889.33: 911 987 770 


300.00: 158 442 


584.50: 996 614 586 55 411 802 513 454 724 189 


512.56: 887 441 119 372 337 9 580 744 196 


529.00: 488 875 16 346 619 955 170 285 858 


553.00: 352 176 922 762 


479.25: 84 205 920 708 


519.33: 910 205 584 930 117 370 


653.00: 403 952 604 


516.33: 355 501 409 28 484 636 746 844 383 


494.00: 488 23 872 160 712 


569.67: 879 4 861 200 144 855 


385.25: 44 520 636 341 


462.33: 163 831 134 764 391 49 


509.50: 790 483 739 282 280 211 718 573 


407.86: 385 675 644 389 179 300 283 


466.25: 540 193 858 274 


524.00: 219 899 757 293 452 


935.80: 813 213 375 215 976 572 486 138 1000 457 


376.00: 233 153 422 596 425 496 272 474 288 60 169 


551.60: 264 309 847 696 810 824 204 837 13 588 


348.00: 1 695 


538.89: 389 216 547 555 714 637 314 504 97 


525.11: 576 551 354 191 139 836 872 621 586 


649.00: 773 175 999 


633.33: 711 784 405 


625.33: 91 732 958 967 976 49 397 528 483 


645.50: 818 862 930 72 274 269 


616.17: 394 250 668 895 951 539 


320.00: 175 46 


538.00: 920 38 874 556 148 350 


608.38: 998 774 784 888 235 534 171 483 


646.90: 999 847 791 355 397 800 310 195 88 890 


737.33: 499 79 914 


563.45: 688 497 815 472 627 427 802 127 967 10 669 


465.60: 261 220 90 6 887 


242.33: 179 240 308 


429.13: 86 445 702 159 916 307 494 324 


517.33: 928 817 13 76 719 436 422 314 807 


605.00: 3 891 92 


395.75: 261 459 626 237 


381.20: 666 454 280 30 206 


383.00: 655 478 439 261 209 26 370 


592.00: 482 70 


654.50: 541 460 956 661 


387.00: 72 615 119 168 966 366 403 


613.33: 582 806 452 


382.00: 75 185 886 


472.22: 97 169 329 653 988 407 339 87 389 


537.33: 223 646 828 888 521 773 292 237 428 


593.75: 328 275 954 936 705 435 89 222 


423.67: 53 761 457 


884.33: 890 864 899 


434.89: 723 144 609 400 873 212 519 329 105 


517.00: 761 604 793 299 398 247 


478.78: 50 217 545 686 533 750 624 536 368 


651.00: 393 831 729 


274.33: 384 261 178 


546.56: 532 481 890 430 405 526 35 357 942 


553.13: 617 950 206 617 534 780 199 522 


630.00: 994 266 


493.57: 155 849 110 710 13 534 967 


743.50: 738 922 959 355 


316.75: 429 157 101 580 


495.86: 392 52 678 694 342 686 157 


578.29: 920 435 704 893 505 120 471 


439.88: 43 780 212 662 544 303 26 712 


751.00: 751 


498.91: 347 341 813 421 866 201 259 179 780 452 829 


249.86: 29 114 450 377 171 424 184 


398.86: 195 14 823 230 127 737 535 


233.00: 60 177 462 


542.11: 797 369 674 769 730 767 403 228 142 


592.36: 942 352 557 348 124 749 329 765 790 635 92 


152.00: 152 


365.60: 252 827 448 134 167 


860.50: 808 913 


593.00: 309 728 742 


654.00: 649 65 


736.25: 494 54 952 955 


442.00: 341 543 


553.44: 653 925 999 717 428 144 612 361 142 


599.63: 482 891 517 571 642 158 648 888 


267.00: 364 170 


533.86: 356 419 331 417 817 761 636 


632.82: 325 951 208 955 900 798 523 728 580 311 682 


182.50: 112 253 


513.30: 554 348 585 181 485 750 564 383 367 916 


655.33: 929 497 526 51 717 273 622 977 841 


688.43: 618 763 978 203 964 752 541 


899.50: 844 955 


552.00: 159 842 698 509 


570.50: 962 179 


342.83: 98 919 221 348 370 101 


980.00: 980 


332.20: 112 94 180 122 305 


366.60: 675 173 201 618 166 


497.13: 212 637 80 652 569 409 150 541 


682.10: 951 506 934 70 808 425 768 593 739 393 


465.78: 9 915 635 646 145 407 777 397 261 


674.00: 788 448 786 


545.89: 864 458 509 33 404 43 635 529 741 


497.67: 604 107 782 


158.50: 86 231 


633.33: 880 56 460 


615.00: 815 356 383 729 792 


365.43: 390 417 538 164 36 528 157 


432.00: 293 352 651 


576.50: 467 779 430 287 67 819 


578.40: 694 396 951 323 528 


528.33: 436 965 184 


529.00: 257 431 391 196 846 856 976 566 242 


510.00: 591 318 858 26 798 227 


447.17: 236 419 45 719 288 562 


437.00: 437 


519.00: 229 832 506 84 908 183 368 542 55 224 


615.14: 932 883 703 461 337 345 645 


511.57: 489 741 177 10 436 828 803 


698.60: 240 869 900 758 726 


604.00: 730 143 821 838 742 350 


583.50: 736 440 177 952 578 618 


646.40: 761 535 213 898 13 680 589 780 995 875 


575.50: 750 226 821 583 289 784 


544.00: 494 661 477 


746.75: 740 773 877 59 


704.33: 570 758 785 


677.00: 624 961 794 373 63 


708.33: 974 645 506 


451.00: 451 


545.25: 151 914 660 627 685 404 746 175 


345.00: 13 710 312 


450.17: 340 182 327 744 848 260 


879.00: 879 


519.25: 288 877 48 425 


429.00: 429 


755.67: 821 981 465 


460.55: 631 654 469 882 28 54 229 511 43 428 495 


630.86: 753 794 960 397 376 788 348 


628.75: 295 713 885 622 


656.67: 207 936 72 797 417 85 


255.25: 360 107 454 100 


583.25: 591 522 380 840 


306.80: 236 600 125 114 703 10 153 186 222 626 


393.57: 297 966 334 188 16 62 740 


582.67: 246 388 938 740 352 832 


416.78: 824 350 321 206 331 603 386 106 624 


512.60: 553 843 647 305 330 116 106 800 91 516 


600.43: 918 613 17 812 485 573 629 


755.50: 752 759 


417.80: 657 856 304 210 100 24 704 120 570 417 


548.60: 938 981 24 279 151 740 511 639 281 725 


383.20: 301 19 496 682 246 


431.00: 290 705 297 269 815 165 552 397 389 


573.75: 854 898 445 495 590 119 934 255 


458.43: 434 664 251 397 523 100 84 


493.75: 145 656 916 420 580 18 636 417 


684.40: 517 863 554 549 93 


755.33: 406 979 881 


882.50: 801 991 941 939 675 948 


615.00: 375 555 915 


618.64: 469 462 74 505 797 512 49 516 5 993 801 


137.50: 70 205 


707.00: 767 51 837 


356.33: 671 231 167 


547.70: 96 52 872 958 734 765 712 916 186 186 


544.60: 765 411 468 347 956 703 300 807 466 223 


741.00: 807 797 618 953 530 


419.71: 762 172 716 132 147 597 412 


948.00: 948 


588.56: 872 761 316 874 358 460 900 601 155 


433.20: 155 42 546 551 449 138 65 367 512 531 


556.89: 641 258 236 881 516 497 612 437 934 


427.57: 538 444 471 543 201 114 682 


603.00: 402 573 96 106 784 805 525 666 


673.60: 94 853 972 470 767 942 419 894 502 823 


663.33: 164 992 834 


509.00: 345 247 845 718 868 305 235 


571.67: 605 646 787 444 109 83 


910.00: 878 942 


534.60: 947 176 487 607 456 


536.63: 147 825 563 996 352 32 103 985 


479.75: 502 464 346 607 


563.73: 204 470 477 821 836 714 630 788 419 241 60 


422.30: 120 956 327 305 408 557 526 504 28 236 


579.00: 417 412 64 845 


656.00: 691 589 181 116 955 675 817 956 924 


613.00: 995 231 


531.38: 71 554 34 625 805 771 774 307 


456.00: 96 597 292 956 188 911 712 201 151 


471.50: 670 267 384 565 


694.50: 435 954 


635.00: 515 513 879 633 


582.50: 839 259 406 496 868 627 


445.56: 941 380 452 569 210 842 190 188 238 


499.20: 786 307 325 853 42 106 676 213 748 555 


548.20: 413 992 117 798 172 545 210 550 948 737 


444.00: 378 234 720 


504.00: 417 237 536 826 


1920.33: 1000 885 728 364 480 10 


748.00: 786 629 591 763 971 


637.36: 72 716 684 853 312 998 383 506 973 544 970 


364.29: 557 42 331 139 480 309 307 


398.67: 114 809 273 


593.20: 178 90 956 459 407 415 670 68 891 368 


595.71: 822 989 725 373 656 239 366 


405.25: 814 152 505 150 


438.67: 311 28 724 


556.57: 668 211 322 660 463 612 960 


454.29: 650 399 541 130 250 916 294 


659.33: 540 757 681 


341.00: 470 124 429 


586.00: 226 770 854 736 344 


275.25: 113 436 276 2 


565.57: 757 818 382 851 243 304 6 


468.27: 316 982 111 736 165 457 862 245 475 631 171 


261.40: 31 29 333 204 710 


584.50: 269 114 918 197 653 819 981 222 707 965 


742.67: 888 938 64 421 953 608 


394.00: 199 766 217 


689.89: 657 720 764 748 516 343 97 742 746 


401.20: 104 649 583 220 45 


699.00: 744 690 797 918 895 449 299 800 


550.60: 58 972 294 843 22 404 816 456 765 67 


563.67: 838 483 370 


528.78: 124 308 801 920 73 668 462 631 115 


709.75: 769 607 896 567 


652.29: 878 849 223 671 816 816 313 


543.20: 610 268 827 152 859 


581.50: 294 869 


501.50: 780 955 282 411 187 394 


468.43: 753 819 24 648 213 245 352 


606.44: 792 43 408 79 904 998 256 634 236 


995.50: 996 995 


619.91: 691 151 714 627 305 862 376 886 882 780 545 


237.00: 237 


278.50: 363 194 


551.22: 446 110 820 899 601 480 965 420 2 


668.30: 542 802 395 479 195 961 963 432 965 949 


540.17: 817 392 267 743 813 209 


487.20: 547 751 292 623 22 


523.00: 18 494 824 59 685 


329.75: 232 335 155 597 


437.67: 393 374 546 


831.67: 958 922 615 


492.33: 246 256 612 729 311 800 


619.00: 619 


539.43: 531 860 785 685 228 559 128 


462.00: 33 903 156 635 486 555 527 434 685 206 


588.75: 632 726 864 351 211 87 339 716 


331.60: 106 430 489 419 214 


609.40: 970 594 67 484 597 39 256 811 520 791 


425.38: 355 661 202 573 857 166 200 389 


493.50: 662 164 774 31 213 668 208 641 387 904 


502.00: 117 343 47 940 314 345 346 887 657 598 


666.33: 844 329 826 


609.67: 763 572 494 


560.00: 703 637 71 465 488 422 260 379 969 


465.50: 577 468 533 284 


473.67: 400 27 751 


535.33: 645 737 254 195 786 595 


439.67: 302 860 263 579 282 35 


394.67: 564 240 380 


362.75: 406 429 24 32 769 353 480 184 


363.67: 381 416 294 


616.00: 293 657 898 


502.71: 649 694 514 421 397 484 360 


672.75: 625 826 361 879 


430.00: 82 92 32 823 544 823 982 40 212 308 


557.38: 235 262 485 530 878 5 745 746 


474.00: 601 916 488 453 307 625 168 150 558 


577.00: 426 657 648 


640.50: 506 74 288 548 581 996 845 614 


585.50: 658 513 


534.50: 556 513 


523.00: 934 50 131 


696.00: 898 630 842 459 907 988 14 


660.00: 660 


556.25: 385 63 891 188 350 9 194 857 


556.00: 465 94 518 72 149 529 558 


517.33: 746 401 927 491 20 338 


690.17: 969 982 340 578 906 366 


501.67: 862 831 218 156 597 346 


498.10: 531 751 294 64 20 455 433 558 779 516 


919.00: 919 


669.40: 974 368 854 896 255 


640.75: 820 337 948 45 


530.67: 65 716 811 


496.10: 381 406 290 431 107 863 507 541 948 487 


666.33: 533 748 71 


629.86: 994 324 942 756 327 12 939 


560.00: 825 591 264 


676.67: 553 745 732 


665.67: 843 707 447 


547.70: 671 255 451 726 701 711 357 467 274 86 


364.83: 432 125 59 739 181 117 


584.60: 96 272 756 80 850 602 784 538 33 804 


657.00: 554 706 591 968 88 425 467 


620.50: 426 965 706 385 


429.33: 806 1 376 


547.29: 432 697 305 587 967 5 276 


150.00: 183 117 


461.75: 269 399 608 775 626 325 58 107 


419.67: 355 271 822 492 369 20 


554.30: 387 545 713 716 386 239 892 380 835 450 


671.27: 956 68 899 71 564 543 265 531 712 906 603 


515.63: 279 161 466 716 923 586 782 21 


611.67: 559 998 27 


946.00: 946 


553.00: 885 236 215 97 734 273 


690.50: 788 342 950 744 724 545 765 658 996 393 


586.00: 534 638 


806.60: 989 670 572 851 95 


435.50: 86 431 69 215 866 324 


378.67: 77 117 942 


622.86: 733 799 336 901 41 523 657 


368.67: 430 116 560 


642.50: 853 410 983 357 985 267 


694.67: 872 827 385 


628.20: 552 383 909 392 905 


515.17: 375 240 257 873 35 993 


540.60: 382 67 902 67 48 730 144 7 138 974 


398.00: 268 52 


426.83: 219 143 821 128 625 62 


574.70: 513 799 538 534 395 314 408 7 756 782 


538.29: 496 417 348 502 620 762 623 


482.60: 188 180 496 872 677 


618.00: 698 950 621 203 


544.14: 99 563 681 790 594 730 352 


568.70: 166 82 379 705 515 895 291 94 431 538 


479.50: 7 789 586 536 


535.80: 224 945 373 886 743 130 155 838 70 356 


589.14: 140 999 607 83 681 538 322 


479.17: 294 128 871 60 270 711 


701.83: 559 836 937 693 202 984 


455.50: 222 64 580 378 


187.00: 187 


447.50: 289 606 


525.50: 153 86 418 77 501 440 


642.00: 775 613 538 


460.00: 756 38 109 374 954 181 


556.67: 653 997 646 920 155 630 109 116 784 


662.67: 109 973 906 


401.20: 668 593 196 480 148 692 608 162 256 209 


465.29: 63 590 298 478 25 645 925 


637.80: 397 676 906 674 536 


579.50: 627 638 574 479 


387.33: 130 506 52 


509.50: 759 97 463 19 512 678 351 14 


509.00: 324 151 854 299 479 362 54 615 533 931 


681.00: 989 399 650 983 620 614 981 145 434 995 


647.00: 853 702 386 


357.00: 56 298 520 554 


748.00: 733 537 974 


571.00: 633 177 997 477 


545.56: 191 299 552 591 996 976 667 537 101 


374.80: 602 255 343 559 115 


490.80: 462 616 342 597 43 


430.50: 541 320 


541.00: 347 918 557 136 747 


539.50: 247 816 700 292 253 259 768 564 978 518 


541.33: 464 310 645 75 812 26 


308.50: 294 323 


583.00: 756 571 36 644 


350.00: 587 113 


521.40: 532 340 253 975 507 


418.00: 538 29 


426.50: 11 969 313 4 


540.00: 480 600 


489.67: 247 717 505 


426.25: 316 349 670 325 357 213 466 714 


52.00: 52 


402.70: 694 35 145 825 21 430 596 254 291 223 


332.14: 695 353 188 308 403 278 100 


566.00: 566 


448.20: 680 679 115 573 194 


628.18: 328 843 95 846 866 108 622 410 410 769 755 


477.75: 545 705 451 504 55 19 535 509 


434.00: 582 188 255 711 


478.20: 414 478 414 480 395 626 552 759 155 509 


445.57: 418 422 333 123 821 102 900 


342.56: 75 274 253 108 107 106 552 82 786 


500.00: 460 224 638 579 816 605 178 


545.33: 887 245 398 665 964 432 423 288 606 


723.00: 901 545 


463.75: 195 113 804 743 


745.50: 382 861 814 925 


616.11: 955 13 172 615 265 670 9 961 802 


447.60: 292 352 99 40 275 78 605 327 418 390 


550.00: 766 194 690 


457.00: 301 55 264 788 575 216 561 400 


424.88: 401 563 595 923 226 276 292 123 


584.00: 869 962 470 124 495 


549.75: 999 693 326 181 


723.00: 537 831 80 


581.75: 285 830 909 23 643 355 619 774 


585.33: 848 722 364 138 726 714 


781.57: 897 854 791 897 309 941 782 


464.67: 484 402 680 259 246 717 


581.63: 947 876 812 275 252 174 496 821 


592.22: 996 490 832 689 908 71 37 526 134 


665.70: 153 867 436 840 66 249 92 968 891 664 


639.29: 688 791 715 449 599 970 263 


619.50: 487 752 


592.56: 962 169 139 499 982 228 764 770 82 


740.00: 647 833 


640.40: 773 650 865 597 31 


944.00: 944 


414.25: 236 104 911 406 


632.00: 108 962 826 


525.45: 686 255 410 219 892 303 84 269 927 444 532 


497.00: 904 155 362 477 572 512 


546.00: 252 404 563 20 14 944 889 930 426 835 


507.00: 288 805 428 


436.60: 92 629 369 515 222 422 89 106 58 533 


620.00: 98 783 844 406 726 533 950 


584.50: 886 48 827 139 


591.80: 985 525 329 580 540 


525.90: 316 105 543 46 880 456 685 74 345 721 


394.00: 394 


571.00: 836 395 923 253 448 


101.00: 101 


620.90: 188 775 640 50 650 316 547 796 844 953 


551.67: 218 405 79 775 766 351 


764.00: 764 


573.50: 661 539 932 16 


542.20: 212 919 747 26 566 


736.50: 816 648 911 571 


374.57: 175 450 162 477 484 185 689 


555.67: 887 797 773 399 336 142 


475.33: 176 703 547 


396.86: 247 914 530 195 55 214 123 


600.90: 253 353 448 895 119 968 694 698 643 938 


386.67: 70 195 8 


361.29: 656 183 447 120 209 597 31 


548.38: 685 860 129 928 268 872 172 473 


459.10: 680 296 657 46 655 416 139 135 595 551 


426.50: 191 662 


567.29: 70 697 552 632 388 827 805 


710.00: 591 867 672 


530.60: 262 812 426 468 164 689 546 374 95 611 


577.13: 314 653 115 667 571 564 803 930 


726.00: 726 


554.11: 973 742 641 212 551 313 368 655 532 


542.70: 674 657 476 74 528 691 334 393 594 334 


893.00: 859 889 931 


406.67: 157 248 815 


765.17: 877 764 617 944 535 854 


440.50: 118 665 109 174 320 763 584 791 


594.50: 369 677 776 556 


194.50: 273 116 


442.38: 658 280 535 659 370 247 293 497 


543.50: 186 321 991 676 


446.75: 728 318 101 640 


663.67: 948 3 695 


534.40: 758 139 507 511 757 


528.00: 528 


329.00: 329 


451.00: 40 534 402 180 904 456 439 653 


640.33: 832 676 734 471 973 498 837 565 177 


483.60: 39 991 648 164 576 


416.75: 123 512 737 38 240 700 471 164 


738.00: 910 462 842 


432.63: 467 965 106 702 590 187 233 211 


401.83: 493 270 189 525 199 735 


345.00: 414 276 


579.75: 491 427 693 765 166 939 729 428 


674.40: 673 997 967 504 231 


415.50: 515 141 354 419 672 392 


580.44: 96 921 987 452 719 476 403 925 245 


450.25: 154 141 209 949 315 718 725 391 


502.33: 212 473 467 613 913 942 134 14 623 


536.88: 169 618 330 82 468 975 177 738 


244.00: 244 


481.00: 893 838 305 323 526 112 370 


367.00: 97 392 612 


646.00: 484 808 


478.10: 223 429 872 842 81 277 387 150 500 289 


411.71: 215 768 304 533 573 45 36 


598.22: 794 673 793 59 170 247 889 551 674 


452.20: 531 741 228 406 472 421 805 443 203 272 


600.40: 344 965 948 423 322 


420.00: 350 471 140 897 242 


793.00: 923 66 


536.50: 708 999 550 769 559 156 19 296 896 236 


652.73: 252 735 459 500 50 951 392 762 685 973 971 


435.56: 158 174 469 106 479 465 836 305 928 


616.00: 297 935 


434.00: 469 630 262 784 171 20 336 619 


880.00: 905 85 


656.00: 521 709 738 


609.70: 894 875 348 912 76 104 698 670 628 206 


659.00: 863 758 470 306 898 


688.25: 951 478 799 525 


551.71: 228 555 119 593 777 590 1000 


574.70: 360 519 872 227 698 844 725 646 114 742 


724.00: 859 58 


476.86: 40 379 332 517 448 828 794 


576.00: 584 326 818 


355.80: 521 362 303 211 428 62 497 107 249 252 


426.20: 470 827 231 203 400 


412.27: 651 26 381 600 414 88 616 201 1 239 187 


387.00: 117 657 


649.67: 791 86 297 


330.20: 2 881 428 105 23 


280.00: 11 585 244 


555.67: 218 132 98 470 868 664 


345.00: 501 53 0 


313.50: 241 753 152 108 


590.60: 701 844 44 667 297 


620.60: 78 536 836 711 849 369 849 267 992 719 


491.22: 206 872 235 75 235 816 92 115 261 


418.80: 349 178 828 610 129 


218.00: 29 52 42 749 


513.50: 163 747 813 906 38 66 


556.33: 875 247 547 


540.50: 673 408 


323.50: 48 145 490 174 567 767 404 159 266 215 


578.50: 805 269 674 242 174 5 502 926 766 853 


482.20: 556 643 377 49 338 


430.25: 459 364 461 437 


608.00: 732 484 


390.75: 108 671 249 535 


537.00: 593 351 451 738 501 699 63 324 


576.25: 188 374 859 884 


480.00: 480 


773.00: 709 753 665 847 891 


499.00: 869 412 611 196 407 


528.00: 905 354 373 961 524 565 622 304 14 


758.67: 737 868 671 


547.00: 887 142 534 731 988 258 58 133 68 526 


305.29: 427 237 134 679 185 186 289 


676.00: 828 600 600 


449.50: 249 406 957 497 32 255 709 666 281 148 


646.80: 503 603 611 937 580 


364.25: 325 188 811 133 


331.00: 277 117 163 710 358 2 434 


647.67: 964 697 282 


399.20: 90 16 358 708 824 


550.00: 538 533 799 678 236 822 244 


144.00: 144 


608.33: 931 336 943 112 772 383 999 622 377 


610.86: 592 86 336 469 696 816 505 


451.40: 850 219 96 72 147 


670.73: 823 725 877 126 915 484 842 474 258 959 895 


