441.00: 596 286 


535.70: 672 583 459 268 247 442 908 515 700 563 


544.00: 4 26 429 123 913 681 200 966 806 59 


536.50: 98 761 243 911 477 846 704 232 867 226 


191.50: 18 197 


566.13: 759 430 699 896 256 941 214 33 


588.25: 913 581 326 533 


508.00: 508 


632.00: 632 


623.67: 838 191 955 916 618 224 


607.80: 197 865 75 463 759 


679.00: 282 669 572 991 881 


622.00: 760 191 68 506 760 473 863 742 


488.00: 379 566 189 93 602 289 452 


620.00: 61 337 911 


530.60: 945 726 287 593 102 


708.86: 467 643 709 950 737 847 609 


799.00: 79 


615.00: 229 480 687 978 483 998 360 62 576 739 


672.20: 397 93 577 390 711 304 839 829 964 77 


603.00: 927 574 308 


582.27: 59 683 271 810 739 463 811 543 526 20 755 


507.33: 59 916 482 632 376 838 31 241 168 


499.67: 670 481 139 971 324 413 


613.00: 455 771 


225.00: 2 409 10 111 


446.50: 666 713 820 201 119 160 


458.00: 482 322 570 


596.50: 543 485 224 532 888 907 


448.50: 124 47 371 825 


610.14: 329 530 617 569 717 819 690 


637.43: 596 929 959 487 434 361 696 


490.14: 103 102 623 138 977 959 52 


571.57: 469 559 990 648 167 576 592 


524.60: 222 198 893 911 138 365 207 859 635 818 


426.50: 126 727 


621.17: 392 50 681 236 954 962 


541.00: 541 


474.40: 341 114 51 55 338 893 655 669 485 680 


179.00: 179 


473.11: 978 154 487 336 445 52 240 727 366 


515.10: 308 699 252 858 410 652 719 166 291 796 


454.50: 184 350 886 398 


522.50: 133 373 882 702 


501.00: 258 733 951 491 415 150 509 


405.09: 684 415 622 534 496 137 259 365 329 18 426 


680.14: 755 813 912 261 389 641 990 


388.00: 488 288 


629.50: 753 506 


391.25: 175 206 375 155 223 477 797 722 


613.60: 192 326 937 886 727 


587.17: 564 570 413 952 677 347 


563.38: 352 357 663 676 666 640 296 857 


709.25: 876 902 653 406 


396.00: 383 409 


727.25: 915 581 437 976 


493.33: 345 935 158 807 502 213 


228.00: 228 


467.00: 116 686 66 48 63 650 960 414 600 


659.22: 160 867 885 600 96 336 991 731 403 


499.67: 453 143 90 


778.40: 960 586 976 784 586 


613.67: 73 565 486 706 69 493 


600.80: 88 552 811 219 539 


800.33: 457 985 959 


577.00: 583 964 184 


654.60: 910 457 428 52 950 


531.50: 548 81 631 129 


424.60: 103 352 319 136 445 5 69 535 1 981 


438.67: 457 257 717 67 388 136 


635.78: 604 60 810 68 695 340 143 85 993 


769.00: 916 917 474 


491.00: 489 856 656 105 59 245 


401.00: 453 174 576 


616.63: 915 654 349 277 701 570 750 717 


519.00: 453 658 446 


550.00: 372 29 598 93 


226.50: 172 281 


579.00: 683 967 67 148 553 533 86 208 


576.00: 402 650 676 


691.25: 712 792 616 645 


571.50: 640 819 842 326 19 606 


165.00: 165 


543.67: 200 849 582 


536.00: 452 419 737 


498.25: 207 353 844 103 74 564 422 750 


586.30: 966 817 821 759 734 27 241 585 292 374 


588.11: 508 678 37 458 889 438 989 86 8 


597.88: 369 56 630 664 807 592 232 920 


552.56: 872 187 153 337 602 662 492 748 920 


438.50: 900 763 32 131 174 340 


714.83: 938 737 891 562 304 857 


360.00: 433 171 476 


546.13: 940 768 278 679 439 491 177 597 


591.40: 761 857 58 607 145 


440.50: 107 246 515 649 928 19 


472.17: 445 442 458 230 433 825 


699.33: 990 555 501 566 673 911 


388.43: 406 208 127 579 537 401 46 


648.86: 766 259 884 678 835 604 516 


459.11: 240 259 42 453 593 584 298 840 436 


492.13: 453 775 922 848 373 177 257 132 


519.80: 923 327 832 559 984 389 154 361 405 264 


414.25: 469 159 913 116 


501.44: 392 815 69 592 102 49 136 501 788 


579.67: 95 498 85 10 462 69 


305.60: 139 211 176 261 1 506 195 871 32 215 


468.17: 290 321 507 729 381 5 


690.00: 735 597 612 816 


412.00: 455 776 128 404 247 214 803 146 535 


612.40: 601 959 448 658 396 


528.80: 318 666 158 818 684 


463.25: 239 684 200 73 


481.00: 431 469 947 478 277 343 333 562 489 


528.25: 946 168 317 360 448 969 252 766 


506.30: 315 734 641 726 653 10 977 126 529 259 


679.25: 962 939 663 15 


644.20: 314 574 677 733 923 


751.20: 717 818 975 580 666 


529.33: 193 677 592 986 155 787 394 805 175 


728.70: 959 745 996 840 729 646 107 696 693 876 


505.20: 159 338 583 639 189 608 972 48 710 372 


522.00: 52 


443.00: 460 426 


736.00: 900 785 523 


551.50: 525 578 


493.17: 670 595 279 131 517 76 


537.50: 769 306 


483.00: 864 520 48 6 


433.40: 81 618 265 54 496 236 831 60 447 214 


651.33: 681 534 739 


710.75: 937 451 983 472 


451.00: 452 310 631 41 


877.00: 877 


484.00: 448 214 391 405 330 349 321 584 945 853 


366.50: 215 237 761 253 


625.14: 604 523 267 961 298 947 776 


727.67: 972 678 533 


537.50: 404 145 451 919 941 365 


582.22: 189 681 512 202 788 935 659 857 41 


519.64: 611 855 775 730 207 792 359 76 30 295 293 


544.60: 907 138 979 281 115 251 841 847 706 381 


771.40: 965 836 710 778 568 


494.50: 201 341 488 773 948 216 


479.80: 333 323 751 843 233 192 39 475 269 987 


605.78: 909 483 906 50 330 998 44 537 335 


468.50: 700 237 


111.00: 111 


551.75: 426 36 552 863 168 588 678 773 


643.57: 328 618 527 514 750 925 843 


509.09: 681 320 453 691 208 37 674 114 95 693 434 


524.29: 225 80 520 889 107 786 338 


728.75: 958 54 964 824 417 781 765 573 


423.20: 69 381 666 146 230 


685.00: 689 957 647 44 


562.50: 710 415 


511.29: 200 621 143 840 605 328 842 


461.17: 527 805 300 621 364 150 


613.44: 777 850 772 925 178 392 8 345 390 


701.63: 706 686 834 719 799 679 214 976 


584.60: 41 672 729 485 621 


603.00: 347 591 290 378 614 726 477 840 764 860 746 


493.00: 960 130 332 883 360 244 40 631 


505.00: 137 408 815 765 400 


638.50: 955 697 515 553 608 503 


652.20: 927 775 205 497 857 


487.14: 513 321 820 393 446 530 387 


636.67: 790 14 630 927 67 656 


213.50: 271 156 


495.00: 456 534 


650.67: 515 600 837 


446.33: 93 145 257 


840.00: 974 706 


551.50: 77 465 465 500 


279.67: 381 238 220 


261.00: 116 406 


536.50: 628 445 


547.86: 875 520 616 609 157 321 737 


419.50: 413 247 10 911 


482.33: 347 823 277 


254.00: 216 258 28 


394.00: 889 14 144 


549.71: 88 306 349 516 465 748 580 


749.75: 8 771 866 482 


536.25: 590 547 512 496 


611.75: 223 789 568 867 


559.00: 378 473 325 891 728 


742.00: 916 895 502 401 996 


500.50: 325 196 965 23 730 552 


125.00: 125 


617.50: 596 639 


716.00: 716 


457.80: 595 108 262 472 85 


399.33: 81 172 945 


683.33: 974 967 729 812 198 420 


715.25: 822 666 719 654 


464.67: 598 868 432 312 394 184 


549.29: 782 14 266 401 626 664 96 


527.43: 800 33 416 53 192 904 51 


565.75: 749 384 321 809 


461.33: 561 212 527 166 851 451 


520.67: 385 825 142 361 433 801 136 734 869 


551.64: 760 736 395 354 93 242 546 345 424 441 89 


208.00: 61 37 526 


595.70: 136 454 618 810 576 559 334 646 878 946 


872.00: 878 866 


660.50: 959 70 66 908 


449.30: 573 869 760 32 31 132 406 748 27 376 


353.36: 126 643 232 460 44 209 302 759 179 45 78 


593.83: 550 452 84 476 49 747 


480.30: 732 861 622 193 511 188 603 503 417 173 


414.60: 785 323 440 407 523 728 149 182 469 140 


477.73: 116 710 512 910 136 198 272 325 699 411 966 


568.50: 843 294 


594.50: 579 610 


619.00: 898 340 


507.50: 589 426 


581.50: 883 312 596 168 274 695 92 799 


505.80: 23 340 950 951 400 369 1 526 58 528 


646.25: 981 184 614 806 


602.50: 949 427 759 322 869 289 


627.00: 627 


620.00: 557 869 434 


570.00: 659 772 180 547 692 


435.10: 322 661 103 327 738 561 489 305 190 655 


570.50: 498 643 


607.00: 743 471 


497.13: 488 578 826 98 9 263 549 18 


674.88: 545 36 892 95 382 704 82 735 


685.33: 579 749 929 79 783 27 


529.75: 911 316 296 5 


655.00: 47 838 88 609 313 665 930 521 


787.00: 787 


489.38: 105 769 715 759 381 561 469 156 


787.00: 69 878 


546.00: 682 809 458 414 367 


559.09: 633 444 459 590 598 96 357 828 601 379 293 


598.75: 911 957 354 180 274 914 815 385 


272.50: 240 305 


523.00: 354 692 


481.89: 8 855 193 264 135 733 417 115 733 


569.20: 718 455 729 87 65 


645.50: 413 962 135 962 508 99 216 970 


316.86: 109 83 50 154 308 507 251 


507.33: 994 534 102 615 580 219 


753.00: 642 864 


444.90: 188 402 207 980 14 615 923 502 256 23 


634.86: 600 283 65 871 565 946 526 


418.56: 27 767 89 60 136 35 179 66 427 


445.89: 14 283 533 502 269 956 396 671 256 


217.67: 147 218 28 


317.00: 286 351 314 


502.75: 343 264 687 717 


726.13: 399 880 643 479 873 645 988 902 


471.00: 76 180 


995.00: 995 


650.22: 231 867 258 821 526 940 487 856 86 


570.44: 927 316 596 860 933 102 970 116 314 


721.75: 740 823 84 863 49 781 644 587 


621.33: 809 923 411 837 229 519 


480.25: 160 532 358 871 


638.80: 838 919 597 504 336 


537.00: 270 295 356 833 716 752 


787.00: 791 712 858 


645.83: 514 838 705 936 200 682 


517.33: 598 354 321 690 358 783 


507.83: 271 547 391 211 85 776 


538.50: 718 359 641 436 


578.50: 488 465 773 104 932 723 831 650 498 321 


601.40: 135 795 372 821 884 


499.50: 630 369 


425.50: 610 241 


673.29: 747 826 963 167 7 732 511 


518.78: 432 165 191 467 981 692 471 893 377 


683.50: 639 728 


319.00: 288 230 132 626 


460.50: 345 381 155 311 546 816 322 622 463 644 


629.63: 890 784 589 315 402 776 964 317 


559.33: 996 156 901 103 345 85 


439.40: 394 131 658 689 794 279 738 189 156 366 


636.75: 587 774 623 954 501 216 561 878 


426.80: 228 385 13 118 492 845 231 638 517 679 


494.00: 494 


663.50: 318 923 746 83 989 16 


849.50: 833 888 846 721 990 571 964 983 


225.00: 225 


643.25: 166 77 969 17 419 907 844 886 


638.83: 750 657 674 741 699 312 


489.86: 0 389 815 450 247 936 580 


345.67: 438 382 217 


578.00: 857 438 439 


454.20: 544 788 255 39 289 


510.00: 104 46 70 619 81 948 359 288 919 


615.29: 189 755 877 926 404 964 192 


592.43: 981 471 252 827 839 630 147 


661.50: 48 608 756 795 


428.67: 3 13 790 252 348 531 332 80 273 


655.00: 757 578 630 


891.50: 992 791 


363.75: 753 395 124 183 


684.50: 692 677 


401.57: 576 25 210 189 763 657 160 


523.50: 242 356 620 564 371 988 


718.63: 616 591 362 966 870 98 847 51 


597.50: 577 790 173 850 


216.33: 281 149 219 


601.67: 282 93 591 


568.60: 657 453 8 745 135 


594.00: 304 744 734 


502.20: 182 670 679 682 737 403 350 862 202 255 


556.75: 966 211 310 740 


627.00: 350 904 


564.18: 294 278 373 479 898 207 755 678 735 9 574 


647.00: 647 


500.13: 389 171 587 900 239 15 933 62 


588.25: 489 870 410 430 874 266 706 661 


530.00: 938 122 


591.50: 466 717 673 786 689 218 


707.67: 569 54 722 990 959 457 


531.50: 432 631 


331.00: 3 


650.50: 953 203 786 998 110 141 625 920 854 915 


479.63: 401 47 616 167 890 635 29 362 


380.50: 216 545 


497.00: 497 


498.80: 312 61 815 388 165 842 782 566 362 144 


562.70: 728 656 44 531 115 739 717 797 315 583 


486.50: 250 379 718 363 425 784 


678.64: 482 761 897 669 8 935 99 961 253 424 219 


742.50: 907 578 


578.60: 192 460 985 358 89 


527.11: 402 248 679 135 49 376 928 949 532 


470.50: 411 37 180 92 


665.57: 898 86 133 536 69 619 909 


556.00: 568 703 200 175 837 633 776 


560.71: 65 711 609 870 319 492 268 


628.55: 379 907 662 641 673 60 791 398 249 967 644 


449.63: 154 23 919 246 152 484 716 692 


590.00: 734 847 189 


700.00: 628 940 779 467 686 


470.36: 392 442 427 417 66 404 611 610 413 108 683 


528.14: 862 405 199 810 704 214 503 


435.50: 481 497 452 327 740 116 


726.83: 563 687 990 649 697 775 


631.50: 380 981 756 273 951 448 


636.67: 55 748 604 


596.33: 747 617 425 


761.86: 841 749 824 940 868 857 254 


515.80: 21 924 584 528 329 


651.50: 922 939 290 455 


351.83: 435 357 103 482 533 201 


322.00: 264 380 


769.00: 651 887 


587.73: 653 617 766 122 379 927 948 519 505 140 889 


613.30: 960 475 412 838 310 752 14 484 762 998 


469.00: 220 187 1000 


1567.00: 907 573 583 604 663 799 907 169 735 


324.00: 544 10 


486.17: 474 636 144 37 388 901 


599.67: 585 439 775 


679.33: 941 625 472 


264.50: 306 186 242 324 


600.89: 66 600 261 956 959 826 661 146 335 


602.67: 321 925 367 346 799 858 


438.00: 221 655 


341.40: 122 433 537 499 116 


898.75: 775 975 903 942 


669.71: 875 673 797 826 181 346 990 


455.38: 376 120 484 46 595 154 610 84 


541.80: 808 982 344 849 336 43 393 508 436 32 


563.00: 563 


493.71: 644 333 439 475 174 549 842 


381.13: 416 330 104 720 103 628 412 336 


746.33: 8 435 968 


583.00: 171 371 592 329 827 975 816 


595.75: 558 565 964 296 


589.80: 565 587 637 960 596 306 531 671 662 383 


489.10: 794 450 947 192 364 281 257 550 307 749 


471.60: 420 700 561 519 597 282 632 373 255 377 


1202.09: 156 1000 871 258 959 168 425 42 387 184 551 


665.40: 549 221 727 988 337 981 205 876 920 850 


540.13: 584 839 226 331 571 629 283 858 


1015.45: 358 980 376 800 1000 565 129 891 42 379 186 


413.00: 237 226 450 739 


378.30: 104 597 801 666 562 123 21 102 481 134 


635.25: 94 547 44 603 


412.60: 204 847 348 297 367 


600.50: 512 689 


644.38: 270 951 638 580 669 378 671 998 


651.17: 730 802 904 304 503 664 


570.67: 400 73 658 623 463 550 


438.00: 202 942 185 250 624 425 


555.30: 701 214 654 718 910 60 302 402 404 648 


456.67: 24 493 629 


576.33: 315 914 500 


528.00: 31 746 


406.67: 423 128 1 413 596 752 


617.89: 795 994 560 481 26 469 412 740 849 


966.00: 966 


490.50: 944 299 200 436 898 543 403 270 342 570 


315.00: 311 536 12 319 131 181 27 645 


626.80: 742 461 875 463 59 


195.50: 42 349 


741.83: 386 881 934 683 633 934 


503.10: 278 920 365 183 968 302 520 840 554 101 


481.11: 247 755 735 615 12 735 267 737 114 


530.33: 328 775 488 


595.50: 576 615 


547.00: 570 348 55 518 741 


343.14: 459 134 183 150 384 348 744 


565.75: 754 715 293 501 


498.00: 211 450 635 728 932 105 42 


519.00: 440 6 662 289 156 212 867 550 707 667 


423.44: 595 637 699 232 143 384 711 166 244 


611.80: 857 386 578 33 971 568 90 444 539 529 


502.27: 18 997 467 684 122 127 891 562 247 841 398 


541.75: 236 132 945 854 


467.00: 467 


686.22: 841 319 416 733 857 65 784 850 719 


443.67: 40 326 596 


415.43: 310 595 236 237 736 405 389 


758.67: 455 986 930 506 7 969 


558.75: 889 430 206 808 341 845 167 784 


617.80: 786 46 169 824 84 


622.75: 526 965 568 432 


475.00: 475 


448.40: 672 488 318 107 65 


356.67: 54 753 263 


268.50: 111 426 


695.33: 67 484 926 


647.86: 894 765 276 504 648 904 54 


625.60: 735 617 796 146 834 


533.89: 257 240 469 150 800 872 792 518 707 


487.50: 610 365 


427.13: 309 192 271 346 196 876 264 963 


215.40: 22 106 240 183 325 


550.83: 430 686 33 373 545 935 


938.50: 931 946 


641.80: 800 567 111 909 822 


621.80: 841 892 417 252 700 447 577 634 959 499 


514.44: 114 837 231 556 971 310 780 694 137 


418.00: 866 308 138 360 


440.83: 106 901 114 588 614 322 


553.50: 62 631 11 488 94 997 118 785 636 199 


655.86: 946 500 845 145 681 940 534 


334.00: 409 424 169 


458.67: 267 755 217 252 770 191 981 26 434 


276.50: 378 162 116 167 296 492 366 235 


445.00: 445 


552.29: 216 764 517 196 458 927 788 


394.22: 279 922 400 294 475 296 384 41 84 


471.50: 768 175 


647.29: 862 351 897 979 788 61 36 


524.33: 748 294 643 886 42 149 


596.80: 408 902 968 213 383 959 66 477 829 160 


855.00: 795 915 


512.33: 877 425 23 


519.80: 256 50 122 945 663 531 612 549 0 965 


537.00: 564 638 302 644 


643.50: 963 324 


544.73: 829 383 259 743 285 195 804 613 814 214 853 


453.60: 120 584 700 471 393 


391.38: 998 240 218 406 269 521 371 108 


932.67: 803 998 997 


599.50: 557 238 484 486 922 802 557 750 


492.80: 547 170 535 632 580 


529.50: 879 180 


581.10: 969 987 30 216 383 190 908 661 219 971 


643.75: 459 325 854 937 


357.00: 35 


587.40: 855 497 63 217 731 


741.67: 669 949 607 


512.00: 500 524 


547.00: 453 4 455 361 658 836 265 89 


218.89: 158 216 337 183 234 148 188 275 231 


642.13: 811 816 632 699 416 614 166 983 


515.20: 294 661 480 711 102 732 767 391 316 698 


670.30: 978 260 645 51 891 481 42 890 671 95 


662.33: 416 838 857 216 594 496 969 644 931 


443.67: 168 390 496 250 113 647 691 62 617 


652.80: 569 770 746 932 974 723 319 97 283 23 


405.56: 6 31 770 376 795 207 306 479 623 


575.00: 625 563 553 230 584 895 


694.11: 404 94 645 547 407 941 67 801 887 


538.20: 321 779 436 167 988 


509.86: 425 217 787 383 750 464 543 


470.00: 772 168 


459.50: 46 244 275 13 669 488 992 143 560 621 


588.00: 202 566 99 


544.00: 767 500 365 


535.00: 191 4 884 574 


482.67: 24 339 865 


435.88: 801 282 185 376 794 6 167 188 


494.20: 931 40 505 35 279 


595.63: 286 72 324 223 591 703 992 920 


658.00: 974 98 16 


827.67: 793 999 691 


600.25: 692 941 172 665 757 893 384 298 


501.71: 129 303 785 62 360 700 610 


536.25: 685 405 387 861 146 777 105 924 


542.67: 500 332 796 


467.63: 400 418 461 73 405 217 924 185 


592.75: 374 486 882 629 


593.00: 764 746 767 622 342 709 391 403 


749.50: 562 923 883 772 594 763 


504.43: 173 155 734 834 283 410 942 


515.00: 315 71 


526.38: 608 635 398 646 592 295 226 811 


656.60: 452 330 627 542 95 879 684 847 963 290 


611.75: 575 92 231 716 


785.33: 862 87 622 


814.00: 983 645 


440.80: 345 300 290 762 507 


587.44: 497 995 281 996 887 344 367 274 646 


578.13: 420 475 571 480 742 753 534 650 


623.63: 433 648 66 500 12 906 827 88 


287.00: 578 169 114 


517.29: 159 763 604 474 127 552 94 


453.14: 315 771 184 818 160 317 60 


472.00: 620 121 4 764 43 


598.38: 433 514 761 375 494 683 688 839 


694.00: 863 721 841 967 919 203 44 595 


430.67: 247 157 874 31 186 695 194 260 949 


523.09: 682 152 628 632 574 637 23 900 379 481 452 


599.33: 398 869 597 237 600 895 


423.00: 394 402 345 707 281 384 686 185 


609.00: 461 664 890 421 


461.71: 426 163 901 280 557 411 494 


588.38: 956 109 760 712 939 108 237 886 


790.17: 504 956 699 83 867 876 


792.44: 885 98 433 836 925 715 827 578 948 


569.11: 227 566 483 550 532 624 976 303 861 


576.09: 416 481 413 368 349 65 866 329 693 805 958 


320.67: 264 274 424 


556.00: 399 606 924 878 609 168 137 101 654 971 669 


722.20: 942 87 925 201 671 


618.67: 615 743 611 135 41 789 930 507 823 


726.50: 987 466 


682.33: 92 474 647 


525.25: 729 832 191 940 213 340 114 843 


639.67: 784 915 831 950 109 249 


690.00: 864 971 897 181 235 579 863 47 942 750 835 


492.71: 204 570 832 434 561 571 277 


575.50: 884 844 320 271 432 963 654 236 


672.00: 163 629 907 742 649 942 


656.67: 477 459 670 490 410 782 948 78 886 


630.50: 58 675 


503.00: 313 217 358 752 499 841 452 47 475 571 583 


485.00: 300 841 104 543 396 265 51 983 418 


504.86: 292 336 842 777 23 394 656 


470.50: 260 681 


354.00: 212 496 


751.50: 670 833 


468.00: 218 842 344 


314.00: 444 18 


565.57: 543 590 495 270 85 875 336 


606.60: 873 705 219 701 535 


594.71: 641 764 305 614 402 867 570 


618.00: 752 359 478 9 122 54 769 639 844 697 


605.33: 360 759 765 689 933 126 


669.80: 937 662 735 507 508 


472.00: 636 572 208 


552.22: 376 194 793 776 172 388 727 643 901 


343.33: 395 296 339 


605.29: 456 490 534 966 469 593 729 


485.50: 466 505 


507.50: 384 617 282 216 79 648 509 608 


518.14: 162 949 388 795 539 497 297 


708.00: 538 970 94 756 287 770 695 


683.50: 809 947 119 810 726 690 


625.50: 933 318 


634.89: 988 715 584 54 238 942 454 358 891 


630.60: 820 103 961 725 544 


602.90: 730 620 77 148 650 374 878 744 301 814 


534.00: 827 304 156 849 


555.33: 590 817 259 


496.55: 940 419 224 580 200 776 757 151 74 133 541 


462.70: 902 458 206 728 338 44 623 387 313 224 


581.80: 685 218 464 228 826 691 626 195 966 919 


724.13: 814 847 868 631 816 488 346 983 


464.60: 456 295 464 338 770 


684.67: 342 775 937 


607.00: 87 756 188 


584.00: 674 255 415 992 


680.75: 197 853 909 764 


534.25: 48 478 427 748 


516.50: 23 795 


523.50: 847 624 741 417 689 323 514 844 112 124 


529.20: 212 416 703 8 512 


396.83: 224 870 349 636 178 124 


571.88: 728 645 572 583 191 878 496 482 


401.40: 637 297 670 59 154 213 123 285 153 892 


463.40: 607 822 96 362 254 150 320 17 463 524 


435.71: 607 89 13 378 634 30 217 


504.00: 351 991 112 46 604 


611.57: 785 498 686 486 468 460 898 


899.67: 778 973 948 


557.17: 564 511 850 643 277 498 


559.33: 988 262 63 491 105 878 


655.25: 572 382 859 808 


222.00: 222 


501.89: 834 386 399 264 732 314 600 174 81 


394.00: 675 292 215 


556.33: 638 296 442 604 939 97 754 31 41 


693.33: 283 959 838 


686.00: 311 947 942 359 93 860 368 762 


442.75: 704 657 142 268 


581.56: 950 190 112 7 68 974 522 979 113 


420.50: 481 409 623 169 


574.40: 110 817 566 188 777 964 85 552 525 391 


553.00: 608 866 185 


552.50: 787 278 99 147 


395.11: 32 708 233 218 421 335 520 182 61 


374.44: 130 175 402 435 301 977 128 643 179 


629.90: 580 121 921 87 875 201 992 300 871 567 


682.50: 740 625 


623.33: 529 417 521 89 680 702 


643.13: 636 74 403 996 465 860 125 914 


376.83: 360 210 4 871 185 22 


839.00: 880 798 


615.90: 638 453 944 361 840 504 846 412 647 514 


511.86: 790 342 417 494 376 831 333 


493.00: 983 329 167 


549.40: 997 558 606 361 615 155 552 26 978 410 


731.50: 716 958 11 992 702 903 


412.27: 404 64 103 250 539 415 271 631 124 345 809 


712.22: 502 521 156 785 951 828 977 987 703 


560.33: 495 800 158 411 742 756 


439.80: 144 995 370 210 48 


650.67: 993 567 392 


604.50: 897 579 297 768 231 470 597 997 


184.00: 184 


580.73: 122 788 976 439 710 201 459 73 831 973 150 


439.78: 201 613 42 452 562 412 222 513 560 


480.10: 95 125 930 513 208 953 235 332 242 313 


552.27: 44 170 800 314 789 139 777 248 839 91 637 


451.60: 177 662 235 551 633 


625.20: 396 339 749 723 919 


550.25: 16 7 965 991 


488.43: 717 248 359 519 241 931 404 


644.50: 581 630 923 816 47 441 


338.00: 338 


420.00: 386 454 60 80 191 805 


550.67: 174 802 676 


563.50: 314 540 792 608 


465.90: 307 14 258 300 748 486 131 820 770 692 


517.71: 43 336 712 156 604 925 459 


492.40: 505 579 167 39 814 


541.60: 933 366 732 118 573 675 565 28 579 590 


410.00: 697 469 141 552 366 298 347 


521.75: 26 616 468 736 


541.20: 658 564 3 772 38 531 662 482 738 259 


668.00: 668 


611.25: 74 404 976 601 123 611 757 670 


439.30: 125 618 389 228 41 748 288 895 274 410 


822.00: 857 78 


597.83: 437 916 399 679 693 463 


766.00: 692 840 


624.89: 590 753 533 747 866 436 812 341 546 


602.11: 521 873 875 269 675 839 264 553 550 


518.22: 386 77 792 165 357 767 305 703 41 


639.00: 225 695 997 


426.36: 735 633 119 774 24 474 477 51 155 148 414 


490.50: 135 482 407 480 962 180 743 270 933 31 


652.33: 24 989 987 70 820 387 


300.25: 154 339 474 234 


579.25: 344 842 894 237 


537.11: 657 201 466 428 428 789 62 368 8 


275.00: 120 430 


524.50: 49 559 


591.56: 66 603 573 584 292 933 247 503 920 


265.75: 342 247 207 26 


467.44: 296 302 461 994 257 725 505 241 426 


743.25: 969 644 423 937 


501.83: 751 317 762 121 92 139 


314.25: 784 118 202 153 


520.44: 567 119 467 77 799 932 270 637 116 


565.75: 597 157 615 894 


545.80: 399 599 651 496 584 


437.00: 66 210 


440.20: 324 642 220 751 264 


370.67: 157 65 298 


356.00: 376 33 


452.67: 83 647 722 108 873 28 


456.00: 511 40 


397.88: 342 423 44 234 76 115 411 451 


457.67: 123 782 206 534 842 259 


696.78: 673 53 958 95 663 905 168 425 988 


428.20: 37 403 280 911 169 


453.00: 16 714 64 13 670 174 787 


749.00: 999 499 779 856 612 


532.75: 220 947 475 505 849 190 519 557 


571.71: 502 989 589 242 515 711 454 


467.57: 343 920 223 705 105 807 170 


496.13: 995 444 618 384 168 246 189 925 


552.00: 613 485 558 


685.14: 930 730 976 685 560 410 505 


678.00: 996 435 736 39 834 858 491 


640.67: 708 686 528 


614.60: 858 803 880 544 478 549 253 294 507 980 


525.80: 808 10 337 693 683 


654.67: 766 375 158 569 805 935 778 821 685 


654.00: 334 377 964 918 834 497 


501.67: 80 794 132 520 116 641 


459.60: 132 117 494 652 947 334 115 160 715 930 


494.25: 643 173 635 526 


537.33: 924 254 43 


490.43: 899 391 341 900 441 330 131 


547.67: 538 457 698 654 240 141 886 531 784 


443.50: 505 266 469 781 425 215 


573.33: 297 161 664 953 936 205 938 46 538 


545.10: 886 321 505 178 907 696 249 793 156 760 


534.00: 581 104 730 721 


600.50: 95 399 70 343 


510.50: 613 408 


412.33: 51 305 175 122 742 612 


535.00: 915 556 118 13 962 580 741 498 162 911 304 


596.50: 584 609 


669.75: 711 780 889 29 


397.83: 289 736 181 491 121 569 


439.00: 151 500 138 465 373 654 293 938 


639.11: 917 782 78 239 944 747 638 399 304 


434.00: 753 115 


255.67: 171 41 185 


613.00: 583 740 96 727 687 893 577 454 38 125 


537.40: 320 759 40 316 883 


498.67: 768 541 187 


618.22: 688 701 559 267 873 632 825 745 274 


539.73: 220 720 178 807 783 154 977 695 503 130 770 


545.89: 14 899 841 581 106 470 528 503 845 


454.00: 533 17 572 803 189 


503.09: 574 695 722 36 698 50 41 239 695 1 80 


487.25: 574 887 235 253 


591.38: 939 912 121 239 759 731 254 776 


756.00: 411 887 970 


863.00: 863 


436.27: 453 389 536 236 189 256 529 37 775 540 517 


580.14: 998 562 10 604 427 386 982 


341.00: 341 


703.33: 407 955 748 


719.50: 713 383 791 99 


562.88: 337 330 474 22 881 955 801 501 


473.20: 243 363 759 611 513 190 241 642 880 29 


611.90: 815 877 598 241 801 431 784 989 107 476 


702.60: 215 938 979 879 644 833 666 930 471 471 


446.00: 344 434 560 


589.50: 586 733 207 832 


535.80: 819 689 718 638 576 14 405 229 945 193 


532.70: 228 498 623 79 815 21 482 394 671 608 


599.43: 749 640 323 388 806 347 943 


732.67: 915 460 823 


530.25: 142 720 410 849 


390.00: 422 441 307 


372.00: 484 352 280 


817.67: 772 929 752 


687.00: 832 740 901 756 686 369 525 


920.00: 852 988 


563.00: 668 231 304 780 832 


397.00: 397 


524.71: 68 439 497 646 221 964 219 


511.78: 885 523 299 96 235 1 348 311 90 


695.00: 665 934 486 


571.50: 640 945 538 163 


676.67: 905 879 587 849 564 445 640 285 936 


411.40: 721 199 221 482 122 220 502 527 548 572 


407.29: 500 186 465 108 758 509 325 


608.13: 876 451 895 908 779 114 731 111 


509.00: 665 136 438 747 584 48 


567.40: 312 906 936 485 198 


491.57: 207 686 642 919 176 72 85 


551.50: 129 566 940 571 


460.00: 571 435 164 669 613 308 


492.20: 537 941 638 166 179 


565.50: 588 489 848 94 353 167 


550.75: 412 80 962 364 382 48 210 792 


515.88: 894 279 545 208 155 62 940 481 


555.70: 149 130 767 859 861 661 421 426 770 513 


468.50: 505 886 171 722 283 159 750 125 637 447 


557.75: 138 809 615 188 664 655 912 481 


418.67: 245 296 715 


538.56: 101 845 217 310 850 927 643 38 571 


551.25: 372 574 625 634 


422.33: 919 245 103 


580.80: 950 662 897 711 315 55 601 884 121 112 


435.00: 246 330 464 72 229 262 790 


490.20: 108 125 875 617 726 


533.91: 389 791 779 914 675 25 182 265 335 726 562 


840.00: 885 795 


510.60: 872 257 221 837 366 


650.40: 282 736 415 82 994 


531.70: 343 150 965 312 897 762 320 645 790 133 


665.78: 810 236 619 985 346 364 76 943 925 


623.60: 319 373 753 324 970 993 429 938 469 668 


486.50: 396 531 159 860 


434.60: 838 186 155 761 233 


607.00: 843 49 208 837 822 171 970 276 29 915 846 


472.38: 420 181 342 504 659 32 598 746 


655.14: 519 562 819 760 669 617 640 


815.56: 569 994 571 960 919 705 726 906 990 


598.50: 803 925 374 292 


432.00: 418 446 


634.00: 898 432 928 27 


397.00: 177 479 192 348 58 703 6 211 272 


654.00: 843 649 493 94 617 379 


530.38: 854 256 317 487 955 15 737 482 


570.33: 935 36 411 


672.90: 214 740 828 575 777 928 454 684 817 712 


634.60: 328 611 946 435 853 


445.20: 802 347 326 360 391 


414.33: 319 282 64 


655.33: 895 821 563 914 211 528 


545.00: 311 636 78 523 307 791 770 236 


421.00: 421 


463.67: 996 430 505 252 283 316 


432.17: 590 381 383 158 265 816 


653.00: 752 888 903 916 216 243 


590.00: 590 


265.00: 265 


411.30: 629 231 490 157 409 638 269 115 784 391 


486.33: 393 122 9 315 422 744 


428.67: 42 7 790 


406.00: 482 263 48 264 538 


668.50: 785 625 912 522 92 245 


502.00: 131 797 378 853 400 453 


540.40: 302 982 461 3 316 431 828 190 598 935 


558.29: 902 358 630 597 740 500 181 


876.00: 869 999 760 


102.00: 102 


722.25: 94 625 573 749 


375.13: 55 387 631 182 188 172 774 108 


628.11: 925 823 175 533 57 677 773 507 66 


204.00: 230 178 


562.88: 913 683 401 105 96 264 489 683 


564.44: 762 861 335 455 406 312 738 280 931 


427.80: 218 516 587 219 59 


243.00: 243 


450.80: 690 300 241 397 626 


403.20: 159 869 588 260 140 


519.50: 703 336 


556.30: 799 194 627 349 999 452 830 162 233 918 


433.20: 311 504 666 315 370 


718.00: 96 841 49 571 642 803 


623.00: 720 914 911 504 493 158 972 482 453 


788.00: 903 988 572 595 828 842 


565.50: 906 21 767 373 


646.00: 986 268 684 


485.78: 456 770 600 303 583 164 905 479 112 


509.60: 605 103 812 394 63 


751.75: 949 578 511 981 82 796 444 93 


670.64: 659 970 390 804 829 599 332 762 801 543 688 


453.00: 339 34 711 831 220 699 125 343 460 


595.17: 367 334 659 449 956 806 


708.00: 71 421 615 969 594 681 960 


510.63: 437 282 284 823 612 409 875 363 


530.80: 67 943 541 154 343 


334.67: 246 397 155 536 49 178 


562.40: 623 725 282 865 317 


570.91: 700 926 52 424 79 253 450 795 176 607 629 


831.00: 831 


231.00: 231 


589.25: 501 406 465 98 


616.40: 655 938 850 645 707 560 253 826 430 300 


760.33: 899 541 84 


513.33: 62 881 597 


599.00: 760 955 294 843 995 143 382 633 432 496 65 


683.00: 849 517 


480.33: 444 955 830 50 161 107 152 705 469 


630.73: 472 467 931 580 837 968 836 48 657 507 197 


962.50: 935 990 


558.50: 792 325 


487.80: 294 818 429 404 494 


503.80: 233 934 178 187 98 


565.57: 916 807 196 17 562 482 820 


478.50: 232 877 449 312 193 21 997 555 


466.50: 583 135 909 239 


658.82: 104 766 945 298 919 458 816 781 367 874 919 


671.17: 724 957 626 276 563 881 


332.33: 241 599 157 


609.63: 316 944 483 421 963 702 598 450 


607.00: 292 922 


321.00: 321 


454.60: 276 366 265 91 451 


464.00: 334 594 


484.90: 486 122 828 439 201 290 903 898 500 182 


588.80: 89 698 248 332 774 


786.67: 803 770 787 


467.67: 162 797 444 


641.10: 666 429 76 558 644 880 932 284 840 409 


652.50: 788 333 691 798 


452.27: 478 106 589 736 908 861 175 466 126 349 181 


547.60: 709 648 429 281 671 


610.71: 421 380 998 182 442 947 905 


943.50: 96 922 


541.22: 825 524 352 716 707 110 409 570 658 


535.40: 121 903 868 831 490 2 99 103 136 622 


437.89: 64 130 102 637 298 181 448 854 649 


592.44: 406 695 151 710 67 962 684 872 18 


534.71: 637 743 595 202 370 957 239 


658.89: 742 885 517 216 490 604 817 908 751 


537.00: 255 463 497 951 831 225 


612.67: 838 357 643 


314.33: 564 192 187 


425.67: 709 316 252 


608.25: 398 773 961 30 


471.00: 11 253 89 880 161 192 464 91 


489.22: 877 133 110 39 870 438 326 70 553 


405.14: 201 188 311 16 180 840 955 


373.67: 727 114 280 


528.50: 642 415 


260.67: 159 315 308 


490.00: 502 87 96 


956.00: 956 


388.25: 118 614 277 544 


546.75: 523 625 782 257 


510.00: 838 96 592 276 247 139 


453.60: 15 321 390 695 347 903 551 589 243 338 


799.75: 985 955 270 989 


742.50: 974 378 645 973 


767.60: 847 589 808 748 846 


556.67: 659 212 799 


685.00: 41 951 


499.00: 513 474 134 431 507 490 59 853 


603.00: 851 614 287 660 


1000.00: 1000 


1089.22: 560 410 137 872 183 406 640 624 931 


578.33: 792 998 393 427 399 573 336 33 951 


526.44: 387 653 987 330 554 763 68 125 256 


436.00: 270 193 4 763 602 170 407 772 254 


583.33: 638 351 76 


491.80: 31 224 205 585 963 308 242 808 674 878 


532.20: 461 183 445 392 806 954 376 894 338 473 


451.67: 775 115 386 783 209 850 366 426 155 


643.00: 342 721 746 880 280 889 


214.17: 407 133 121 121 345 158 


442.75: 693 261 216 601 


655.17: 604 242 926 644 990 525 


615.83: 654 492 960 715 151 723 


589.10: 367 928 987 953 26 172 291 811 492 627 


373.83: 217 301 109 326 783 507 


388.25: 722 370 232 229 


417.09: 510 30 269 296 50 582 217 283 669 766 190 


568.56: 433 624 853 101 33 260 843 794 878 


743.33: 810 743 677 


735.75: 970 830 696 447 


419.00: 183 310 802 268 875 44 50 


756.83: 907 730 677 503 776 948 


567.00: 90 383 410 


496.11: 747 585 441 343 995 161 203 246 744 


608.50: 840 960 790 597 174 290 


341.40: 248 134 796 333 196 


521.29: 17 367 545 509 97 482 591 


763.11: 838 849 584 988 719 897 135 946 912 


540.60: 593 204 815 964 127 


551.86: 153 919 841 291 154 846 659 


666.20: 859 816 297 909 64 660 85 468 965 189 


643.30: 381 996 778 127 772 923 219 553 970 714 


430.33: 589 497 205 


432.50: 487 269 116 356 709 681 430 412 


434.43: 721 672 285 131 771 123 338 


378.00: 264 492 


501.20: 503 829 88 48 113 103 14 824 699 861 


491.00: 930 424 601 327 173 


356.63: 278 116 251 397 299 106 50 900 


397.83: 360 399 140 62 182 686 


446.00: 545 369 242 441 349 730 


592.90: 84 98 918 620 297 604 92 639 760 229 


651.17: 959 80 781 209 678 471 


609.14: 881 5 319 982 697 394 410 


490.57: 885 691 111 233 532 707 275 


349.50: 989 123 157 375 368 126 121 386 156 694 


697.60: 82 479 925 829 431 


324.00: 324 


378.00: 10 325 447 207 80 


542.20: 820 105 64 746 525 710 97 71 368 462 


639.11: 771 36 790 881 60 143 601 902 70 


558.29: 865 554 382 50 581 917 10 


637.50: 921 163 883 583 


627.00: 931 354 653 733 13 759 819 74 512 


469.57: 806 711 127 181 528 213 721 


433.44: 452 375 826 552 411 392 251 351 291 


522.83: 433 385 465 15 703 996 


449.20: 594 112 807 469 264 


604.45: 704 901 737 819 687 599 253 798 115 398 63 


464.80: 391 168 818 344 603 


601.00: 601 


463.63: 163 483 925 34 967 202 449 175 


774.50: 842 707 


804.40: 746 819 626 932 899 


404.71: 122 177 160 295 539 654 886 


467.57: 237 308 681 945 82 161 116 


238.67: 143 355 218 


575.00: 362 263 769 994 487 


595.33: 939 87 42 723 296 462 629 681 707 


326.50: 318 335 


463.00: 557 436 39 


424.33: 628 513 132 


643.00: 652 682 881 357 


681.00: 301 720 968 513 90 


563.91: 181 266 556 732 513 412 991 915 192 622 823 


397.20: 567 364 606 209 240 


625.43: 416 320 936 493 959 606 648 


485.13: 142 169 98 517 413 462 24 947 


607.00: 777 341 366 827 264 706 968 


438.20: 148 509 914 344 276 


525.33: 583 222 685 384 849 799 309 11 778 


669.00: 517 692 655 756 612 678 752 690 


686.82: 729 731 167 897 999 99 230 91 614 623 656 


309.33: 453 100 267 467 174 395 


487.40: 546 22 156 559 950 


557.40: 109 827 558 9 335 


576.27: 660 779 446 443 760 474 50 507 67 652 437 


614.45: 833 307 858 794 191 987 334 499 656 915 385 


531.60: 935 185 590 739 209 


644.67: 381 717 544 751 980 495 


483.29: 193 891 260 186 545 834 47 


400.00: 242 558 


561.82: 659 661 402 38 761 577 49 742 223 933 343 


256.00: 256 


625.80: 605 996 556 63 336 


707.43: 882 873 718 444 838 374 823 


892.33: 983 763 931 


708.00: 958 191 866 500 761 554 761 938 843 


521.56: 141 570 172 557 755 827 920 286 46 


852.75: 944 886 664 917 


596.38: 376 944 936 722 32 740 278 453 


363.88: 525 742 339 48 167 318 108 223 


485.00: 749 208 373 610 


147.00: 145 149 


637.67: 807 843 263 


597.80: 446 704 944 269 394 502 868 780 279 792 


642.57: 706 25 961 917 946 101 611 


504.86: 629 284 401 35 979 710 18 


535.83: 312 492 435 689 585 702 


513.50: 626 401 


575.64: 248 746 876 567 904 201 272 17 870 673 803 


417.40: 225 451 524 323 564 


528.75: 704 309 609 493 


412.14: 247 355 506 976 264 409 128 


785.83: 546 667 797 884 822 999 


779.67: 613 793 93 


478.50: 480 284 107 708 877 415 


562.75: 772 656 554 269 


411.67: 663 351 22 


400.75: 319 617 414 312 150 342 244 808 


559.50: 631 570 415 654 833 439 187 747 


588.38: 693 260 117 517 975 420 739 986 


620.00: 48 722 488 632 963 898 151 


372.33: 195 631 29 


329.50: 224 222 485 387 


441.63: 848 25 497 254 406 364 701 205 


804.00: 994 759 65 


374.40: 50 606 512 485 746 167 568 32 164 118 


507.55: 641 675 736 143 421 784 507 198 180 662 636 


451.56: 290 167 130 793 640 614 590 135 70 


330.50: 390 271 


501.67: 623 387 495 


836.50: 859 814 


414.20: 441 752 530 322 272 832 262 120 168 443 


702.00: 702 


463.75: 718 262 434 441 


405.14: 189 714 281 386 459 146 661 


834.00: 834 


465.20: 391 345 208 562 820 


210.50: 248 173 


556.67: 840 272 880 861 474 549 330 223 581 


542.00: 692 166 398 60 542 550 81 570 


210.50: 170 251 


425.22: 465 407 638 502 545 100 123 281 766 


927.00: 927 


643.40: 32 836 267 969 818 


190.50: 223 158 


424.50: 902 132 487 17 


476.00: 253 761 316 576 24 484 722 561 661 180 


464.50: 134 393 806 823 23 115 921 291 


811.00: 739 764 930 


418.56: 22 891 100 267 151 536 191 533 878 


504.20: 38 256 465 679 733 


513.75: 243 6 864 305 


778.00: 778 


486.88: 923 335 201 525 610 217 212 87 


269.00: 257 260 160 411 257 


616.50: 773 460 


467.89: 943 729 116 99 82 744 209 116 27 


644.25: 530 595 935 517 


468.70: 423 12 761 223 429 370 366 923 117 952 


603.13: 16 657 668 130 872 926 417 993 


576.86: 861 143 660 745 923 570 136 


900.25: 940 796 884 981 


278.50: 377 180 


625.13: 514 78 498 340 695 936 942 292 


600.73: 788 282 954 834 937 590 665 92 90 42 501 


532.33: 244 896 457 


544.60: 661 178 507 77 600 


284.00: 424 14 


672.00: 872 773 992 460 512 984 199 606 907 921 166 


575.20: 435 825 536 936 108 76 432 939 128 645 


558.38: 611 406 664 848 267 77 15 879 


473.60: 535 336 915 55 27 


538.40: 786 92 341 21 428 


353.00: 603 108 348 


671.83: 730 102 947 825 567 860 


503.91: 509 230 715 893 243 700 819 464 608 186 176 


410.00: 533 302 245 560 


573.00: 573 


407.50: 36 625 320 78 86 271 


318.40: 238 21 355 107 674 


771.75: 999 969 953 581 677 796 666 533 


616.50: 185 469 794 987 307 957 


664.78: 865 250 766 310 587 973 830 714 688 


450.80: 178 827 264 797 188 


578.82: 505 598 703 185 997 329 916 251 914 544 425 


480.50: 791 170 


404.00: 23 2 675 61 477 


593.86: 103 990 604 860 512 646 442 


627.57: 842 38 979 234 747 324 885 


495.10: 418 462 196 290 935 281 709 600 175 885 


676.20: 508 807 791 669 606 


513.60: 715 535 704 218 396 


469.00: 554 604 388 539 174 704 202 768 419 338 


575.63: 346 964 682 309 75 352 761 432 


491.40: 261 263 360 927 646 


695.75: 695 689 918 690 216 948 810 600 


662.90: 808 93 413 757 825 784 521 664 89 25 


535.33: 812 536 264 523 473 775 921 312 202 


139.67: 163 108 148 


640.13: 981 740 922 525 191 505 906 351 


624.67: 473 440 955 565 556 759 


433.67: 343 837 121 


538.75: 836 215 2 889 


614.20: 885 782 327 853 681 827 434 155 835 363 


438.75: 837 148 62 142 


520.70: 141 731 964 595 186 30 932 571 178 603 


621.75: 848 745 544 390 504 563 600 78 


531.63: 782 14 425 483 98 421 848 169 


403.00: 691 560 133 328 144 562 


410.18: 313 24 838 141 744 652 528 363 177 154 359 


556.50: 589 182 115 933 887 523 437 786 


737.00: 5 719 888 755 


430.57: 390 282 605 223 367 153 994 


572.22: 948 268 144 695 937 722 732 419 285 


612.33: 859 89 7 


666.00: 634 698 


580.75: 672 900 60 322 980 159 189 824 


578.27: 194 544 903 757 441 31 678 946 640 191 756 


648.86: 787 459 63 587 926 913 231 


614.00: 812 416 


594.33: 524 968 557 988 709 187 295 459 662 


656.73: 713 599 764 24 796 855 952 154 629 765 753 


652.80: 922 995 284 999 274 170 882 369 84 784 


522.00: 260 504 950 621 449 348 


560.00: 587 494 368 791 


574.60: 269 790 708 844 262 


669.33: 653 518 690 989 786 380 


593.10: 827 114 940 409 642 95 581 180 936 350 


607.67: 712 295 759 767 935 178 


490.63: 235 857 216 875 962 196 447 13 


445.25: 73 374 552 782 


404.25: 257 259 909 192 


636.57: 566 463 788 920 233 584 902 


475.29: 649 2 152 844 543 26 627 


585.22: 399 425 846 962 346 885 27 318 811 


392.00: 191 280 705 


515.88: 134 834 442 670 802 556 555 134 


255.50: 315 196 


651.80: 650 97 305 873 572 839 729 135 756 689 


489.50: 267 712 


579.71: 489 51 506 643 461 632 808 


377.00: 377 


680.50: 596 974 174 864 538 937 


742.00: 742 


608.29: 701 972 143 844 102 721 775 


369.00: 275 463 


541.11: 442 517 920 644 717 124 442 121 943 


429.00: 429 4 


638.67: 334 856 726 


517.57: 551 179 754 796 450 409 484 


772.78: 926 637 809 819 396 779 988 687 914 


653.56: 993 971 533 467 984 423 806 64 59 


733.25: 831 274 955 873 


551.00: 93 833 737 168 392 825 752 174 145 


492.00: 344 761 131 794 76 158 


578.20: 916 70 712 265 292 


208.50: 160 152 295 227 


557.63: 5 64 23 701 617 686 547 713 


458.29: 376 471 237 319 823 872 110 


409.86: 344 391 147 140 8 474 533 


680.17: 396 741 849 971 129 995 


770.67: 535 851 926 


526.00: 5 


545.89: 12 973 618 628 680 38 641 637 230 


764.00: 975 74 572 


527.25: 26 649 299 899 


490.29: 927 130 63 205 758 252 530 


717.25: 392 598 962 917 


610.60: 577 867 941 354 314 


998.00: 998 


676.67: 902 870 250 703 716 619 


601.20: 997 316 746 148 799 


408.64: 520 944 163 310 120 460 47 213 207 420 668 


594.25: 345 965 608 459 


583.33: 682 824 24 


549.00: 125 230 73 557 88 993 953 38 426 206 


388.60: 471 685 104 134 279 355 454 103 31 988 


677.25: 59 389 997 725 


482.40: 68 393 720 394 220 


461.00: 936 54 151 211 


640.40: 294 774 702 625 807 


399.38: 330 124 349 385 49 536 753 223 


370.33: 963 146 12 247 322 418 


408.75: 236 133 462 671 205 382 222 959 


670.80: 598 81 983 143 812 


484.71: 521 188 547 234 850 559 494 


401.44: 105 238 41 669 258 833 296 189 607 


460.38: 778 335 198 443 411 299 66 550 


672.36: 708 723 817 806 465 778 974 477 725 117 806 


591.22: 63 530 898 711 352 202 778 827 387 


457.73: 776 151 779 760 344 147 161 92 150 615 231 


814.50: 703 926 


609.88: 846 809 799 414 659 619 256 477 


607.30: 575 930 578 952 13 374 881 409 714 528 


511.33: 347 190 997 


527.89: 187 969 305 357 194 684 773 647 635 


571.00: 182 548 983 


550.38: 871 160 76 775 436 383 645 373 


674.63: 697 95 271 967 712 979 168 646 


402.50: 30 215 694 452 201 547 


331.00: 26 582 144 


483.50: 34 623 


595.44: 984 381 559 408 747 462 450 602 766 


734.00: 734 


506.57: 306 11 707 373 63 577 834 


504.67: 190 539 292 990 459 558 


450.63: 917 704 431 148 329 205 563 308 


363.89: 164 163 568 347 936 178 560 192 167 


597.83: 616 804 498 479 343 847 


552.91: 294 683 614 905 160 363 288 84 956 157 814 


605.00: 286 833 644 768 494 


538.67: 164 777 675 


623.25: 50 951 217 820 


681.20: 480 896 832 679 51 


773.00: 620 926 


638.00: 903 731 409 5 


375.00: 280 599 809 288 174 100 


328.20: 116 700 513 153 159 


713.20: 510 841 872 464 879 


450.44: 643 105 830 140 805 383 342 633 17 


496.25: 838 42 542 177 


559.91: 816 461 902 692 767 348 272 763 214 436 488 


725.25: 801 818 726 55 


454.00: 691 501 537 787 198 282 182 


555.67: 887 239 541 


409.17: 317 543 44 178 854 120 


248.00: 231 164 270 187 388 


631.83: 46 697 576 71 813 521 


500.00: 167 887 446 


614.50: 534 657 672 595 


494.50: 100 889 


551.25: 652 100 954 909 672 463 460 20 


467.33: 53 964 385 


612.00: 938 164 692 300 966 


666.89: 338 355 664 607 799 773 881 946 639 


541.33: 66 659 296 


604.00: 604 


504.50: 305 277 94 738 121 733 7 182 


584.33: 444 588 721 


659.83: 832 455 355 859 695 763 


359.83: 139 529 357 43 474 223 


546.33: 36 153 649 841 71 944 187 712 357 


762.75: 716 551 832 95 


851.00: 949 753 


677.64: 649 582 505 18 782 644 924 987 76 521 908 


623.67: 91 598 610 712 276 628 


612.55: 684 76 544 883 115 746 137 813 636 908 508 


594.00: 79 390 


458.25: 509 312 368 303 212 784 340 838 


435.40: 451 982 135 376 233 


634.00: 816 56 666 774 348 


712.00: 890 78 247 931 


464.38: 642 282 824 454 351 114 524 524 


584.20: 263 19 753 907 805 


485.25: 263 221 719 738 


518.78: 123 283 948 310 268 415 956 740 626 


566.80: 895 262 192 817 668 


583.00: 483 280 611 714 829 581 


476.60: 895 16 951 165 207 


256.75: 164 504 113 246 


523.50: 160 319 701 567 667 558 958 117 325 863 


465.14: 195 598 501 393 604 740 225 


826.09: 843 927 995 564 837 685 821 811 815 890 899 


507.33: 733 113 676 


454.20: 157 614 20 298 998 


326.00: 133 128 25 32 381 345 545 786 


408.38: 220 168 411 619 104 52 296 925 


524.00: 547 516 505 68 633 135 647 


479.50: 68 397 581 528 641 578 32 96 


624.00: 795 941 261 592 531 


442.73: 56 206 180 115 846 220 379 619 565 768 411 


627.00: 609 645 


457.67: 778 402 715 18 480 186 


426.50: 169 803 46 140 117 738 715 267 


510.75: 338 185 137 943 610 655 993 225 


651.00: 846 418 7 622 


645.33: 807 234 895 


676.50: 46 888 


587.13: 464 797 756 969 659 303 636 113 


329.60: 120 774 191 455 674 812 13 52 57 29 


609.57: 689 966 146 812 970 186 498 


708.00: 878 538 


431.56: 147 212 679 489 332 774 673 394 184 


411.44: 736 366 299 866 61 308 16 216 128 


546.90: 470 512 412 74 178 569 880 207 807 692 


572.00: 48 296 938 


700.50: 423 978 


772.20: 517 842 854 920 728 


684.33: 693 578 71 356 89 981 954 824 159 


390.80: 291 443 11 393 20 222 662 818 572 191 


597.00: 802 711 518 273 644 634 


551.44: 806 419 743 524 685 905 10 289 487 


483.33: 311 737 161 543 665 311 385 470 767 


572.25: 626 651 726 286 


624.00: 624 


670.00: 643 867 856 351 633 


527.83: 184 458 623 867 318 717 


312.00: 244 931 12 453 265 364 130 145 155 


527.50: 314 137 933 739 265 777 


653.75: 879 9 570 686 485 532 907 192 


373.13: 581 265 114 445 559 169 176 67 


715.20: 699 540 393 811 816 956 787 884 288 97 


527.33: 322 510 238 697 341 980 942 150 566 


620.25: 898 219 850 483 582 68 436 812 


508.00: 702 835 108 337 827 366 600 206 366 733 


712.67: 915 659 564 


434.88: 138 866 302 459 125 628 377 584 


384.20: 486 38 214 707 128 


556.56: 731 731 953 734 218 288 18 984 182 


514.00: 880 148 


363.20: 464 369 186 127 670 


498.78: 810 499 10 849 419 355 376 12 946 


442.00: 207 721 549 291 


512.90: 592 527 476 306 478 385 652 629 639 445 


103.00: 103 


827.00: 916 738 


602.10: 688 817 500 649 902 679 336 108 934 408 


365.50: 82 98 241 260 303 46 


564.00: 232 587 873 


426.56: 507 542 611 974 392 471 163 13 46 


408.43: 197 304 765 377 31 672 227 


589.00: 49 287 458 612 668 879 814 686 400 


405.75: 747 605 25 71 648 386 419 115 


591.67: 490 63 269 930 462 769 


601.00: 507 812 638 447 


560.00: 313 807 


562.67: 745 359 996 19 537 543 


510.00: 88 183 119 913 452 


397.40: 483 341 279 521 363 


629.20: 3 676 834 472 801 


548.44: 851 278 584 567 434 316 913 828 165 


493.11: 749 416 160 425 432 611 165 671 809 


595.40: 939 315 909 242 572 


833.00: 69 974 


554.60: 32 931 795 673 665 192 447 634 340 545 


561.00: 156 966 


672.25: 846 601 546 812 8 65 592 517 


765.00: 640 933 478 537 883 959 851 924 616 829 


581.56: 294 738 669 914 97 190 300 366 789 


541.50: 518 979 628 715 466 351 257 418 


418.50: 484 353 


353.25: 441 492 139 341 


423.33: 265 28 720 


389.50: 485 178 787 315 923 247 159 271 395 135 


422.86: 649 311 970 128 551 204 147 


507.50: 866 149 


546.75: 225 746 488 691 275 995 756 198 


579.88: 940 218 187 844 784 923 36 380 


543.09: 686 216 693 706 894 485 250 821 554 374 295 


469.71: 481 253 788 407 32 739 293 


469.89: 303 751 951 299 177 970 212 416 150 


475.00: 475 


403.33: 321 32 288 189 470 193 273 957 618 


665.33: 426 191 981 800 952 642 


523.88: 736 284 314 414 408 458 982 595 


590.00: 476 704 


543.00: 105 844 863 415 488 


451.70: 758 314 519 168 290 643 153 228 760 684 


335.17: 509 325 194 43 421 128 


207.50: 299 116 


692.25: 735 987 503 299 883 691 670 770 


380.00: 399 361 


405.67: 233 297 687 


575.33: 908 627 705 520 151 850 33 984 103 


537.90: 154 184 23 961 568 626 890 48 441 8 


696.50: 526 918 915 593 482 745 


431.00: 563 764 367 171 722 282 148 


501.20: 478 877 879 805 143 553 219 530 195 333 


603.00: 881 386 542 


533.75: 794 631 776 332 311 63 363 432 


435.90: 172 566 521 668 427 346 125 310 291 933 


367.33: 631 40 7 


494.29: 371 280 764 339 47 580 647 


777.00: 777 


313.50: 18 440 


586.29: 763 574 77 530 462 753 248 


602.75: 394 951 488 578 


657.13: 793 859 959 547 271 682 70 444 


851.00: 851 


471.80: 860 449 414 232 404 


568.67: 550 194 962 


560.29: 618 873 361 783 425 571 29 


441.00: 367 515 


640.00: 643 610 945 452 236 954 


305.00: 382 228 


750.00: 920 644 943 96 590 440 


635.33: 750 991 964 641 273 534 333 520 712 


611.10: 764 850 178 130 878 72 914 399 571 699 


637.75: 267 324 987 973 


428.00: 384 25 646 


581.20: 713 526 910 657 100 


402.00: 540 264 


501.20: 232 549 71 66 940 


546.71: 590 524 77 32 789 754 364 


440.60: 270 27 259 463 416 561 501 899 529 238 


537.29: 683 487 737 60 201 973 0 


451.29: 159 775 434 167 651 218 755 


445.50: 6 236 


615.60: 840 78 138 783 423 130 574 688 82 972 


481.22: 566 633 502 434 270 609 317 725 275 


450.25: 544 217 394 194 546 491 385 831 


545.38: 522 863 642 626 16 412 265 867 


319.33: 310 386 262 


662.00: 774 633 579 


416.50: 125 708 


563.00: 741 784 16 


575.17: 293 508 593 838 45 761 


459.71: 597 81 643 194 499 201 267 


596.09: 350 553 1 935 448 997 473 21 912 763 760 


536.67: 567 398 645 


556.50: 560 557 365 839 346 672 


687.22: 1000 206 6 195 823 962 150 233 156 


479.00: 479 


535.40: 161 490 600 806 620 


547.75: 330 667 963 231 


308.00: 507 313 104 


358.67: 589 316 171 


592.00: 782 47 652 46 


581.50: 765 562 474 725 807 156 


522.83: 49 400 631 504 445 661 


444.00: 381 364 587 


432.80: 925 553 297 248 141 


574.22: 314 695 89 774 179 884 603 665 159 


815.00: 941 689 


809.00: 737 892 714 893 


405.20: 392 595 782 109 148 


522.80: 700 571 330 493 520 


522.40: 847 781 27 581 243 203 237 632 741 688 


616.50: 759 474 


524.43: 571 575 423 63 789 577 103 


477.09: 25 39 522 371 802 465 449 571 502 758 516 


509.33: 558 774 196 


436.00: 465 407 


648.67: 690 400 856 


484.00: 477 723 252 


647.57: 827 144 272 630 900 840 920 


879.00: 879 


322.50: 121 438 562 169 


770.75: 981 688 914 500 


603.17: 909 518 500 278 802 61 


534.00: 218 850 


665.20: 132 663 770 918 843 


471.00: 121 82 


692.40: 924 573 502 851 612 


562.44: 855 739 732 173 11 266 950 781 453 


607.00: 81 185 801 402 59 793 716 356 353 686 980 


390.90: 893 982 14 43 12 131 632 248 443 38 


538.00: 154 917 413 668 


450.90: 363 283 737 720 269 33 291 37 225 911 


851.00: 851 


329.00: 399 102 486 


545.80: 344 304 997 823 261 


445.44: 187 558 728 638 344 338 252 612 352 


360.33: 541 239 337 184 567 111 506 422 336 


446.33: 323 248 768 


591.45: 697 262 599 27 319 529 703 81 823 740 742 


665.20: 907 455 560 477 92 


455.17: 212 239 255 825 45 745 


465.00: 511 734 547 260 371 679 153 


463.50: 256 671 


629.38: 819 955 226 368 592 929 511 635 


475.33: 383 242 801 


610.25: 713 485 419 671 845 752 584 413 


595.17: 302 659 930 984 53 162 


241.20: 315 12 97 84 585 


557.29: 520 214 220 997 610 446 894 


303.33: 31 128 46 


718.00: 870 566 


606.86: 6 925 286 594 767 628 382 


618.33: 838 388 629 


554.33: 610 625 487 557 759 288 


521.38: 867 693 128 522 415 496 518 532 


568.00: 248 88 


702.38: 926 156 971 865 93 389 927 450 


430.13: 18 137 219 134 981 946 177 667 


342.83: 328 290 277 625 365 172 


322.00: 32 


690.00: 400 799 771 976 618 576 


658.00: 832 72 493 957 434 744 42 


499.86: 620 742 539 173 165 89 365 


511.29: 202 588 15 348 902 897 484 


546.10: 201 490 21 964 842 641 787 694 524 108 


541.60: 793 436 660 176 643 


663.55: 95 298 765 795 936 760 239 380 422 802 949 


660.88: 984 168 65 632 839 934 670 402 


639.60: 494 937 969 458 724 751 623 371 861 208 


483.67: 458 125 868 


431.78: 213 615 191 236 916 515 46 239 496 


751.00: 712 790 


593.11: 829 268 777 202 289 783 995 886 309 


757.33: 95 834 479 


369.00: 179 290 888 124 364 


461.00: 351 496 53 


421.50: 188 790 234 283 101 933 


520.29: 877 154 663 494 294 422 738 


515.75: 439 305 96 354 


586.78: 67 375 835 334 614 706 359 947 43 


306.33: 19 790 11 


630.00: 922 970 424 880 725 48 513 295 488 598 


545.33: 339 637 443 978 846 311 750 319 285 


467.00: 612 484 318 874 300 426 276 226 825 329 


697.67: 916 969 129 740 987 445 


535.50: 133 98 343 971 152 440 508 754 


471.20: 284 20 585 336 947 


650.00: 836 196 453 878 887 


629.70: 675 830 644 364 236 469 894 727 945 513 


512.33: 680 71 541 166 777 200 


650.50: 211 388 994 681 870 759 


253.71: 365 165 106 46 82 471 121 


517.75: 335 615 814 307 


377.00: 53 90 108 976 174 


654.27: 559 984 254 844 277 659 88 730 571 593 837 


513.00: 313 293 121 347 7 95 881 124 834 


721.33: 57 628 962 


563.29: 596 106 890 842 830 557 122 


614.33: 763 14 937 


482.20: 276 37 551 403 805 


578.67: 437 358 511 749 99 881 474 72 75 


459.40: 941 142 439 605 170 


505.50: 611 400 


666.20: 547 724 680 880 981 352 387 824 412 875 


577.33: 748 50 250 988 299 671 


336.33: 185 263 175 621 380 394 


603.33: 384 643 78 


577.80: 498 219 874 562 736 


636.20: 447 467 601 727 939 


685.67: 891 191 298 906 932 896 


695.14: 5 757 534 920 670 5 819 


490.50: 276 847 856 279 332 685 150 499 


626.89: 937 393 962 227 667 686 982 435 353 


697.20: 742 761 571 71 701 


627.33: 876 236 770 


354.78: 664 629 295 227 285 120 389 374 210 


559.75: 613 828 510 288 


634.00: 49 442 841 469 945 421 822 


362.00: 36 


386.00: 786 23 136 


710.67: 381 795 956 


533.60: 30 780 540 563 95 679 931 20 157 226 


451.91: 45 587 111 750 723 50 77 246 663 113 742 


447.67: 590 596 157 


676.00: 633 837 636 382 89 


589.33: 905 207 949 223 78 469 


511.18: 341 505 992 539 551 22 179 213 454 634 99 


362.50: 570 155 


542.00: 675 336 847 900 263 258 586 471 


583.50: 880 579 755 120 


477.38: 169 486 804 853 771 120 393 223 


426.00: 216 522 473 127 792 


457.36: 304 173 34 122 121 995 269 732 75 599 621 


371.50: 172 865 237 159 602 194 


447.67: 202 949 503 187 418 427 


469.00: 772 166 


441.11: 700 148 187 210 365 801 550 351 658 


592.00: 53 503 280 256 843 738 986 


559.00: 553 642 48 


449.00: 729 169 


670.75: 537 827 766 553 


672.44: 566 449 651 520 912 963 957 552 482 


615.25: 48 377 644 538 894 837 94 203 


445.50: 889 197 410 286 


493.40: 861 331 62 48 243 628 782 243 52 654 


690.20: 791 738 19 830 894 


467.50: 138 535 868 329 


513.18: 362 852 61 473 396 827 393 251 115 382 982 


388.83: 629 126 693 178 570 137 


630.80: 973 666 378 668 615 520 463 484 897 644 


505.38: 340 314 259 823 429 734 908 236 


379.78: 295 402 346 381 168 139 710 611 366 


243.50: 509 125 231 109 


368.33: 113 771 221 


494.30: 133 504 58 92 312 952 819 300 793 454 


630.75: 829 674 450 668 429 254 889 853 


794.25: 837 922 99 426 


681.30: 538 688 812 890 286 784 996 443 762 614 


681.22: 290 990 930 868 653 383 775 849 393 


558.20: 91 347 702 642 187 


427.44: 616 356 618 986 135 283 486 147 220 


584.50: 714 390 469 756 307 988 722 330 


279.00: 141 417 


665.86: 292 71 930 640 506 847 734 


566.88: 714 856 603 961 251 321 691 138 


546.00: 770 734 501 174 878 172 852 287 


536.43: 465 655 642 765 395 269 564 


480.22: 618 399 403 708 263 435 163 478 855 


615.22: 30 590 334 56 835 753 467 707 982 


699.50: 420 699 862 817 


500.89: 429 302 416 808 131 63 876 194 721 


626.10: 739 111 769 418 267 838 757 638 988 736 


543.50: 329 699 860 286 


555.86: 338 987 226 495 611 337 897 


571.14: 803 781 11 415 664 804 420 


535.70: 782 4 728 520 352 423 439 419 737 475 


842.50: 924 742 762 942 


729.33: 994 552 642 


549.11: 338 207 86 802 666 345 65 406 65 


572.27: 94 734 709 575 662 668 389 888 274 371 93 


923.00: 923 


411.83: 547 426 165 526 106 701 


760.20: 567 920 874 803 637 


542.44: 438 729 973 511 735 120 588 424 364 


565.67: 215 566 916 


344.67: 148 343 810 238 21 311 


538.17: 222 38 594 928 390 713 


621.67: 224 638 621 932 905 722 214 962 377 


626.13: 221 861 815 265 671 605 597 974 


874.00: 804 94 


630.43: 714 761 90 164 835 408 630 


784.00: 332 997 549 962 893 971 


608.00: 42 380 913 694 650 59 


654.45: 282 41 702 756 429 581 78 824 90 636 892 


708.67: 629 823 674 


583.50: 113 250 668 995 550 925 


863.00: 755 863 971 


460.40: 388 862 816 188 797 21 9 131 801 313 


598.56: 821 784 910 280 42 288 10 810 966 


393.45: 587 111 122 854 332 460 136 181 574 69 277 


515.60: 464 659 348 322 198 925 936 55 559 18 


530.57: 96 568 731 806 476 518 519 


353.33: 784 171 29 250 152 407 283 666 176 


237.50: 180 295 


604.50: 489 466 935 621 883 827 253 362 


556.60: 277 260 201 987 472 983 575 844 126 841 


888.00: 888 


819.67: 766 999 694 


523.40: 602 698 807 429 809 174 329 300 3 786 


364.50: 35 373 


442.00: 400 484 


701.83: 574 995 267 529 968 87 


545.86: 530 831 668 33 539 39 516 


652.00: 364 737 984 220 853 618 788 


261.00: 261 


430.30: 588 150 742 172 645 305 490 721 327 163 


546.29: 570 751 638 885 314 346 320 


432.71: 444 605 330 28 312 818 240 


487.57: 678 72 221 73 231 282 54 


448.73: 21 549 190 183 176 623 488 331 828 746 801 


584.14: 651 667 69 115 917 97 65 


446.00: 477 402 459 446 


713.86: 795 346 463 850 828 910 805 


430.43: 453 369 124 509 431 849 278 


376.13: 389 373 21 43 277 581 437 696 


507.50: 377 651 315 735 124 843 


976.00: 976 


277.00: 107 10 829 163 173 458 102 


464.00: 528 317 205 138 978 754 402 437 159 722 


650.13: 443 57 547 871 666 43 939 726 


540.22: 466 332 41 876 341 960 792 539 144 


367.71: 649 430 271 231 303 524 166 


598.00: 915 855 674 950 494 522 624 767 457 115 205 


391.67: 185 197 131 291 823 7 


516.67: 978 131 44 


726.60: 543 653 679 881 913 992 461 737 943 464 


750.00: 884 22 929 963 


507.40: 187 58 689 496 163 834 511 807 239 561 


519.33: 194 374 168 967 967 446 


747.50: 952 543 


562.50: 443 682 


549.50: 772 989 109 766 264 312 198 986 


634.33: 841 133 929 


550.00: 295 80 


553.57: 45 898 674 763 488 129 878 


424.13: 912 300 386 101 379 736 202 377 


707.50: 839 576 


585.30: 31 822 935 863 597 380 974 174 690 102 


591.14: 861 109 887 621 820 693 147 


703.29: 977 101 91 898 53 644 854 


408.25: 13 70 768 661 


613.88: 712 545 167 852 902 656 519 558 


792.00: 692 892 


508.27: 361 984 222 982 392 262 347 518 700 637 186 


508.43: 633 689 605 164 400 937 131 


726.00: 726 


413.33: 166 387 37 56 857 63 


381.71: 409 289 521 264 53 136 519 


418.00: 418 


523.50: 379 929 527 730 410 166 


923.00: 923 


543.00: 312 911 537 466 524 508 


518.50: 53 486 374 860 328 525 


480.00: 252 290 811 363 804 360 


468.00: 468 


634.43: 726 540 760 791 93 90 603 


519.20: 867 563 664 209 293 


559.00: 452 961 597 267 809 178 649 


349.00: 130 561 178 527 


720.14: 447 89 963 170 869 880 815 


521.25: 412 726 287 995 495 236 444 575 


432.00: 422 428 16 710 


561.60: 927 966 244 976 333 354 279 250 467 820 


623.50: 946 301 


435.33: 417 321 568 


674.00: 415 88 666 730 


582.30: 754 778 430 586 420 592 818 129 76 547 


584.40: 273 918 999 143 748 726 219 536 453 829 


594.43: 93 814 684 144 561 406 613 


492.00: 230 526 720 


590.20: 420 859 513 653 382 897 280 736 902 260 


589.63: 775 373 592 984 901 636 167 289 


573.00: 362 881 759 419 247 770 


731.20: 777 823 724 590 742 


559.00: 537 581 


671.33: 138 975 901 


644.14: 924 981 357 149 824 717 557 


504.67: 420 556 538 


513.86: 377 718 495 800 349 675 183 


659.00: 743 10 976 673 602 857 


650.33: 926 422 603 


541.50: 921 153 995 351 643 186 


416.75: 136 186 596 749 


578.00: 534 427 706 996 227 


389.50: 70 379 340 132 


503.33: 646 654 210 


549.67: 451 446 476 306 654 794 228 640 952 


542.00: 52 839 564 682 277 656 514 1 710 


528.50: 520 169 946 683 45 400 


443.00: 443 


407.83: 163 781 280 296 477 450 


532.60: 306 992 190 37 50 226 921 53 846 894 


661.73: 966 942 717 325 75 485 627 527 26 899 769 


616.00: 87 687 209 540 765 


526.00: 752 397 429 


569.00: 781 490 87 190 514 


573.00: 982 140 597 


377.71: 152 557 430 282 626 463 134 


379.00: 392 312 576 112 817 375 333 115 


476.38: 336 34 279 301 132 960 983 474 


606.43: 317 205 939 759 97 578 468 


631.67: 917 494 669 183 754 517 853 316 982 


613.10: 586 981 606 541 91 512 117 964 150 763 


502.50: 932 661 56 312 150 516 176 231 540 946 


609.00: 989 783 993 529 81 449 264 595 179 472 627 


446.00: 631 261 


206.00: 206 


443.11: 225 905 773 334 3 893 154 207 163 


525.86: 17 368 667 404 708 487 874 


392.25: 544 243 366 262 493 393 381 456 


538.75: 541 122 94 550 


743.00: 743 


488.56: 779 782 273 198 37 741 276 310 66 


434.60: 513 438 538 282 402 


424.00: 424 


551.60: 546 264 6 878 119 868 573 3 378 853 


374.25: 581 102 255 559 


302.00: 221 383 


434.33: 685 425 118 262 778 33 


606.40: 569 279 904 757 523 


643.33: 672 468 790 


640.00: 77 941 900 213 690 548 993 434 797 114 


814.00: 814 


533.75: 38 120 842 455 732 701 445 591 


640.17: 573 413 828 715 352 960 


493.11: 853 155 837 554 33 452 898 125 230 


422.57: 527 225 407 320 839 108 532 


604.00: 44 116 150 637 901 957 685 979 649 524 


460.00: 576 344 


655.83: 181 68 978 751 784 560 


466.25: 154 729 13 843 


478.25: 470 635 715 39 18 791 156 64 


513.88: 476 169 308 618 871 985 251 433 


162.00: 162 


549.50: 995 154 723 779 116 710 261 658 


525.00: 540 394 408 919 387 490 634 428 


805.50: 74 863 


593.11: 784 807 224 830 988 449 173 425 658 


534.75: 535 617 690 484 653 231 544 52 


417.50: 411 285 224 491 651 134 743 404 476 35 


592.00: 980 441 281 901 696 606 729 102 


532.60: 130 629 883 869 152 


545.14: 702 296 612 862 542 638 164 


616.45: 409 965 846 589 586 269 657 302 67 793 693 


469.00: 70 117 11 145 33 791 867 223 9 


571.67: 487 517 852 535 24 619 115 903 872 


648.64: 55 760 964 622 659 553 249 340 89 581 965 


550.83: 463 289 893 946 367 347 


603.33: 887 11 806 


427.00: 647 439 107 515 


466.90: 686 221 272 353 301 711 746 257 136 986 


628.50: 226 813 533 942 


605.17: 762 419 880 498 255 817 


277.00: 226 328 


1266.30: 4 909 1000 651 409 53 702 503 885 778 


544.00: 562 215 677 722 


483.38: 676 692 290 743 594 57 178 120 


858.60: 822 883 898 690 1000 


735.10: 317 865 864 101 714 318 421 141 66 9 


575.86: 299 961 675 220 652 253 971 


407.00: 603 211 


551.33: 786 455 413 


423.57: 596 467 191 378 124 316 893 


576.60: 728 343 750 130 613 512 633 726 848 483 


589.33: 711 381 692 580 595 577 


494.10: 843 199 312 867 723 468 154 255 204 916 


438.63: 522 749 846 376 354 119 17 364 


435.50: 332 899 160 131 528 190 810 142 43 731 


499.50: 229 453 493 449 221 883 780 488 


403.00: 351 310 870 110 445 332 


667.75: 797 87 430 567 


524.63: 699 171 864 537 525 259 313 829 


618.60: 343 981 864 758 147 


514.33: 853 130 56 


795.67: 585 954 848 


560.50: 175 946 


534.75: 794 364 825 104 272 275 676 968 


498.80: 26 727 347 854 116 825 177 307 981 386 


575.83: 597 633 111 612 723 779 


455.00: 101 921 343 


654.71: 69 593 779 411 54 683 88 


510.00: 495 1 955 315 164 553 893 


659.60: 759 391 820 866 307 18 959 875 545 887 


462.50: 338 919 11 772 254 373 


734.33: 796 832 575 


448.00: 347 256 741 


611.40: 712 373 703 685 584 


612.29: 397 559 651 637 407 873 762 


443.70: 733 350 85 292 434 230 151 23 304 862 


483.67: 977 246 228 


606.50: 774 473 933 716 896 235 682 143 


543.75: 180 793 776 42 


631.00: 756 506 


450.45: 836 384 36 45 59 589 699 520 344 297 818 


532.71: 924 554 519 731 243 341 417 


562.89: 314 132 56 750 978 733 529 332 736 


532.60: 182 475 293 917 796 


480.40: 489 253 168 740 752 


488.00: 488 


575.67: 749 970 420 100 382 833 


682.00: 833 777 779 339 


464.00: 444 674 274 


428.50: 244 772 316 10 328 534 863 265 


535.88: 546 840 88 571 103 94 260 144 


519.00: 739 260 1 321 871 763 


505.75: 525 541 335 9 566 406 100 638 


677.40: 964 678 943 474 766 153 949 946 530 371 


506.00: 378 547 336 809 176 300 996 


502.73: 375 681 190 596 425 741 47 889 19 354 609 


890.75: 960 713 967 923 


698.29: 64 686 774 88 581 804 516 


528.25: 791 184 730 408 


395.00: 499 39 218 302 636 31 


599.88: 550 795 78 295 574 67 732 394 


686.38: 773 832 569 348 341 995 763 870 


634.00: 634 


512.56: 798 134 170 614 86 369 589 733 342 


336.83: 1 700 108 403 353 315 


504.86: 254 963 713 518 395 20 486 


710.33: 499 713 919 


497.56: 15 143 883 575 419 675 406 610 608 


559.70: 456 438 214 749 969 91 101 272 655 824 


436.80: 138 607 404 541 612 251 395 452 309 659 


544.25: 254 994 773 156 


757.67: 74 552 975 


626.29: 939 581 260 923 797 183 701 


628.67: 174 548 926 476 725 923 


423.00: 326 520 


495.60: 496 394 447 244 897 


668.00: 915 579 611 465 475 975 656 


674.67: 558 958 508 


568.44: 949 180 675 725 179 883 446 605 474 


449.13: 707 268 433 68 261 426 72 89 


220.50: 198 417 17 38 226 267 


661.56: 664 681 321 92 913 928 291 955 280 


197.00: 189 205 


510.27: 652 416 982 141 294 823 133 436 558 410 768 


467.50: 802 793 461 567 324 123 132 538 


339.43: 590 147 240 240 189 658 312 


640.86: 888 716 231 930 861 199 661 


660.50: 944 71 800 703 967 10 611 438 


649.50: 940 359 


704.67: 993 496 351 937 509 942 


400.25: 612 290 596 103 


612.17: 738 272 819 658 403 783 


581.00: 332 830 


162.00: 162 


501.88: 532 698 726 570 242 140 607 500 


550.00: 396 704 


705.33: 3 949 863 


588.33: 523 232 512 305 985 389 471 962 916 


507.20: 839 228 297 807 365 


420.67: 174 874 214 


605.00: 806 404 


696.00: 827 996 537 733 304 779 


415.75: 841 537 100 185 


687.00: 223 656 236 927 872 556 720 765 974 941 


550.60: 279 957 245 736 732 214 224 728 399 992 


479.20: 782 101 402 324 787 


433.50: 357 510 


515.00: 283 703 559 


545.71: 957 327 759 795 313 527 142 


561.50: 809 423 376 638 


590.67: 688 697 769 484 386 520 


454.50: 7 189 


535.70: 848 572 770 528 304 23 632 283 82 363 


457.67: 244 683 446 


776.75: 57 951 890 69 


327.17: 90 146 582 202 836 107 


578.75: 597 810 177 731 


297.86: 584 195 174 206 489 136 301 


611.67: 703 979 153 


638.00: 638 


511.38: 918 629 174 487 245 754 757 12 


655.80: 502 897 619 952 309 


686.00: 870 502 


859.67: 752 953 874 


521.10: 32 139 412 457 297 669 931 337 67 968 


541.38: 578 78 597 210 671 463 852 17 


487.00: 575 399 


524.40: 578 497 878 379 290 


522.22: 861 82 167 333 81 70 990 316 329 


661.00: 787 535 


473.00: 181 408 403 251 127 989 186 978 771 436 


818.50: 858 779 


674.86: 651 520 649 337 690 962 915 


619.82: 949 540 786 514 868 885 30 203 763 654 351 


620.60: 547 506 68 747 61 


473.67: 367 498 556 


647.20: 896 879 359 651 4 


441.83: 252 332 396 450 594 627 


511.17: 523 715 297 195 709 628 


384.88: 602 631 562 455 10 264 380 0 


528.40: 210 387 616 617 159 577 654 540 690 834 


655.00: 455 85 


729.00: 984 474 


597.25: 280 553 844 712 


666.33: 326 737 936 


398.00: 219 834 141 


622.00: 180 977 241 891 894 678 493 


541.00: 445 763 689 471 337 


631.50: 612 601 784 501 884 637 675 165 896 560 


955.00: 963 947 


482.13: 953 331 260 293 214 452 38 972 


456.00: 719 208 143 470 583 2 858 279 561 


451.50: 171 732 


401.63: 133 520 714 251 232 162 308 893 


523.50: 206 841 


586.00: 784 252 72 


545.25: 832 192 930 288 914 184 706 316 


531.30: 345 104 998 709 185 63 605 661 317 754 


720.00: 967 473 


402.50: 548 506 360 98 31 158 382 255 


718.00: 633 766 855 837 499 


675.00: 664 686 


503.00: 937 43 796 168 137 543 


839.33: 870 74 908 


462.86: 633 151 420 352 218 493 973 


629.00: 108 755 795 858 


503.33: 569 214 727 


531.50: 681 382 


550.00: 726 297 361 415 297 676 472 763 943 


324.00: 324 636 41 10 419 139 


464.55: 597 744 550 640 600 256 496 207 129 668 223 


390.25: 767 433 256 105 


500.75: 350 224 243 611 677 129 843 929 


452.33: 849 284 22 


524.45: 147 269 318 720 968 44 303 734 321 908 633 


505.80: 497 653 424 920 934 110 252 337 496 435 


549.70: 521 444 317 399 677 892 737 314 988 20 


696.00: 959 244 826 889 404 854 


563.63: 473 923 664 628 283 859 476 203 


605.50: 453 677 411 583 675 894 280 890 571 62 


465.00: 55 169 826 810 


497.29: 479 686 257 25 601 774 427 


555.00: 497 685 601 460 432 266 816 604 634 


557.44: 55 678 200 221 620 871 773 603 497 


560.67: 27 431 974 


509.38: 494 452 300 585 748 183 669 644 


735.67: 760 305 764 661 989 935 


681.67: 738 4 420 993 909 454 849 348 986 


392.29: 841 313 484 265 375 193 275 


584.73: 900 981 855 300 21 429 772 706 539 51 221 


496.10: 124 233 365 859 406 82 392 80 761 193 


591.20: 394 578 972 292 321 284 691 750 720 910 


653.90: 88 877 481 433 750 372 6 463 942 669 


813.40: 88 772 808 817 781 


