973 578 
744 480 886 303 217 261 415 659 625 
944 369 443 878 978 824 268 221 
235 161 969 399 
43 677 99 
41 790 101 949 200 136 546 327 456 619 67 
293 892 907 141 969 289 239 202 
796 381 562 942 350 32 113 462 
201 758 284 
983 714 752 710 837 304 303 765 519 777 
91 332 
704 993 849 
453 438 757 428 695 54 988 180 30 
793 351 229 359 900 315 
725 439 445 368 120 764 260 610 161 844 879 
885 373 312 19 622 262 625 295 702 
496 721 754 138 215 762 901 307 
476 612 311 121 793 506 579 
207 
347 754 810 266 160 807 52 733 999 99 
321 196 
541 284 784 962 297 485 442 209 893 
695 857 250 154 523 675 447 944 
502 
843 
197 207 60 348 
198 346 564 524 525 213 557 360 780 522 323 
895 251 113 
945 702 934 416 
938 358 968 85 730 811 3 169 797 974 
911 616 486 701 742 586 
332 691 827 752 554 182 395 
392 613 193 933 145 
366 83 
272 447 276 
653 47 822 6 288 
474 56 291 358 202 
37 624 309 681 487 192 552 24 520 76 421 
697 635 235 218 350 
203 235 406 819 115 190 863 284 820 965 
389 135 477 359 
357 775 571 603 23 381 
207 81 407 340 56 125 
622 479 845 985 208 25 
734 698 393 598 456 
444 318 280 729 616 39 655 230 497 432 
777 848 378 999 698 850 346 398 927 
236 801 868 488 353 522 390 170 663 214 
195 983 916 748 288 
795 289 648 708 
317 668 556 697 479 141 773 612 
222 192 486 226 933 155 594 
487 649 
868 220 647 90 553 406 789 
604 734 61 653 
739 643 673 423 960 560 
639 102 311 500 157 994 120 150 377 621 
560 649 6 106 665 806 224 50 39 63 342 
541 179 544 446 752 301 246 146 204 377 461 
958 562 210 879 542 519 256 840 799 12 941 
658 706 402 333 373 
964 245 252 879 969 554 417 
843 247 618 808 663 328 631 377 26 347 
210 482 222 612 
324 996 244 980 
689 
122 1000 903 872 561 
338 808 98 500 
395 427 478 326 947 569 795 717 32 700 
883 966 781 357 427 751 887 513 948 
655 754 292 647 742 260 949 718 714 874 276 
257 81 687 992 133 774 465 618 772 100 
484 916 150 648 668 
798 724 391 
437 27 978 
930 320 600 659 528 46 
855 56 913 504 99 128 349 19 740 
991 445 90 720 864 637 292 147 
777 789 167 7 420 
831 165 562 861 
16 767 307 390 289 882 527 927 407 368 
318 866 785 746 988 
456 964 252 180 847 511 967 
687 420 880 980 366 
459 311 642 233 
881 178 507 149 959 958 
70 877 97 357 
493 82 618 212 991 983 468 768 698 
393 403 41 434 896 392 336 
781 122 535 101 163 675 
236 125 484 691 628 429 839 
626 169 529 582 222 798 405 610 
418 130 406 842 
919 778 484 633 528 879 17 647 
227 805 439 495 
283 497 797 556 355 63 115 470 258 
621 170 915 200 198 914 323 862 
605 987 
311 
947 144 707 988 
186 443 300 624 130 
621 695 278 
956 439 284 65 
739 975 150 186 265 344 34 67 
629 490 59 569 871 510 
14 867 74 336 
926 514 799 224 324 767 121 774 873 291 
298 508 936 623 713 300 530 693 
790 490 56 218 74 213 991 643 
541 657 883 515 86 263 
240 684 827 923 698 761 184 242 
910 408 
876 433 295 317 291 
70 885 
230 
542 694 402 835 205 560 187 465 955 598 573 
205 55 842 188 378 577 837 505 
249 461 968 417 470 693 634 
56 881 543 
498 623 
18 752 987 
99 501 
221 596 269 809 172 
302 883 660 393 628 241 84 93 
778 63 512 
394 297 841 554 575 963 
815 566 299 
583 444 540 727 
840 847 235 166 622 398 444 252 
299 630 862 451 
735 695 902 77 482 19 
966 
504 909 
969 8 527 
884 724 21 203 351 592 37 29 
391 86 
466 407 171 689 499 86 444 
869 
188 934 101 607 905 544 575 
786 359 11 773 347 514 
535 513 640 257 348 
57 198 290 800 423 77 93 965 525 12 
623 344 859 940 353 66 
210 789 178 709 293 714 333 117 479 
103 641 456 95 316 579 504 608 98 
183 317 300 79 414 
460 880 352 955 
500 973 509 452 233 765 929 496 100 443 
69 518 80 
109 515 575 271 936 41 854 259 
391 716 733 322 
723 322 605 636 
324 292 
704 701 119 298 974 275 
839 615 894 498 73 558 872 940 251 633 455 
427 183 619 755 862 966 968 747 358 
20 594 65 652 
600 769 152 992 23 212 488 
826 472 40 898 894 924 81 
386 823 161 210 362 37 
317 
967 984 788 31 167 
297 617 724 
800 220 901 158 611 716 91 
246 365 
789 795 796 368 525 127 531 
865 696 692 917 72 227 60 682 910 74 
535 420 
339 826 113 818 75 463 
215 699 526 379 799 164 
683 
428 219 501 341 306 
951 341 918 148 465 316 385 725 325 
939 563 876 873 90 
322 513 25 530 
777 871 858 574 459 1 
965 391 25 444 568 
625 758 519 267 900 978 
40 356 346 997 369 227 
298 254 251 146 850 
581 165 668 148 981 444 326 895 956 712 
640 981 362 773 73 
131 700 515 714 62 60 
238 772 677 957 69 553 132 342 239 
966 711 879 134 683 
490 706 459 865 566 467 958 792 209 
173 266 912 
680 591 151 613 
549 950 583 
39 70 
1000 800 986 823 165 982 298 662 281 844 744 
837 382 456 
722 147 634 134 
38 279 219 278 361 147 
526 928 581 801 834 476 376 539 
190 332 972 940 611 658 481 205 713 867 
677 421 344 549 203 364 215 59 
132 696 135 226 831 562 680 
203 904 
182 103 826 186 39 610 232 685 886 558 371 
899 756 287 16 492 695 833 760 696 8 411 
40 475 81 665 814 852 206 
133 298 295 9 711 687 
976 737 596 
674 780 227 
705 107 63 289 107 340 
890 601 839 492 489 953 
702 700 991 43 260 535 303 621 
972 141 
415 783 580 243 313 760 443 
404 19 39 4 680 511 235 527 422 
897 40 435 583 237 
380 623 85 
501 893 624 535 505 954 628 742 903 688 713 
565 742 652 651 799 
280 39 711 782 8 
142 835 502 916 955 
529 476 964 989 525 350 267 747 907 262 
643 653 781 293 
198 773 663 596 164 342 
775 953 148 319 217 753 544 189 
966 407 
89 601 76 5 497 660 321 170 776 58 724 
443 86 397 
724 971 431 676 873 
992 869 273 614 465 191 968 
550 368 807 262 724 929 820 289 966 653 
381 
989 263 880 
737 318 
336 776 833 787 271 
324 363 
977 848 
227 473 536 578 339 158 614 350 778 250 
728 19 
761 301 902 519 664 972 117 78 694 791 830 
476 936 856 469 182 882 290 968 
275 996 716 59 557 866 
484 863 255 617 60 226 488 188 827 616 
560 775 855 45 875 615 926 244 495 735 
124 949 511 732 802 532 614 778 
862 474 208 858 161 565 690 986 545 653 
701 106 
428 824 67 407 581 757 791 552 
644 921 450 987 895 441 
40 
933 120 837 851 806 964 880 77 797 772 738 
503 281 112 605 239 303 806 930 996 
624 297 795 789 734 444 188 301 524 864 227 
484 285 646 225 
973 559 
602 287 449 752 668 358 730 
160 332 659 574 385 60 
826 323 649 420 761 569 790 289 515 538 
682 597 984 
849 306 355 437 544 
12 585 287 101 862 561 
276 406 442 
645 760 743 693 984 669 513 67 287 44 
820 610 59 685 94 882 329 478 297 
217 317 62 808 785 
75 240 424 
22 106 706 988 467 837 
333 918 759 703 218 872 
181 581 
77 515 
122 215 512 119 615 223 457 54 
919 332 756 730 854 482 
110 468 791 79 602 894 873 560 
88 324 444 184 423 561 377 
409 280 86 911 
66 671 541 45 179 363 986 315 
140 896 
584 111 289 438 
71 503 21 614 140 912 236 
887 176 505 65 844 320 380 452 823 
635 169 937 136 693 
729 4 
972 321 
918 458 991 238 529 334 71 
614 98 589 765 353 
550 621 176 115 266 59 984 
645 936 977 811 833 521 723 230 
373 641 
591 202 550 924 167 989 434 164 888 146 
627 893 
787 208 786 365 670 186 182 546 936 213 872 
567 791 500 139 697 
173 738 302 980 891 659 357 239 217 
117 269 93 37 
543 201 130 551 404 777 532 120 
295 658 146 242 908 642 956 843 70 96 
254 235 641 822 
43 971 141 654 
740 155 586 359 58 766 150 189 867 859 
586 981 
329 375 82 70 
646 433 277 656 
612 51 782 864 25 133 104 600 
216 462 140 758 738 410 
930 267 691 256 121 131 951 447 
471 226 
812 341 248 414 
48 75 207 91 350 99 4 147 
948 456 746 169 328 154 507 237 
850 693 52 165 
603 373 110 
202 821 253 893 251 598 
633 
331 274 457 875 207 482 250 443 
202 
790 445 170 944 223 735 185 259 114 773 
567 477 341 48 
304 265 189 733 
895 419 835 312 129 
495 179 622 
775 376 346 131 143 140 
380 752 
445 580 131 420 806 
220 111 397 
129 594 143 482 547 487 630 716 197 
455 796 248 
178 738 86 780 
275 355 760 950 664 667 
402 295 899 381 122 639 475 474 
568 530 833 660 569 392 
369 897 249 880 960 185 443 
375 553 273 761 625 
725 965 598 284 28 225 349 315 
280 502 935 255 189 947 
147 495 473 712 254 26 493 321 913 
527 52 
472 590 692 
662 144 133 850 165 770 976 785 115 220 
723 
4 50 561 794 155 323 273 929 357 
228 995 56 766 530 340 749 71 
214 69 2 139 126 855 456 214 987 
338 467 327 122 769 765 366 88 966 
218 914 342 152 15 328 845 933 222 
75 25 935 685 205 201 441 858 246 
809 864 674 550 819 375 
920 978 224 34 45 930 309 208 478 33 991 
782 379 155 563 320 44 586 
875 847 814 
509 403 85 895 567 746 
310 219 302 796 76 472 505 
725 32 822 974 485 936 
113 48 366 665 646 653 
490 538 1 28 496 570 
644 
484 161 885 916 320 797 262 791 94 24 670 
488 127 
599 682 701 903 831 20 308 58 921 
227 945 719 672 312 439 792 
510 173 305 591 59 
43 678 
281 342 23 301 261 217 671 348 702 479 
119 898 
460 288 
613 21 59 
873 546 
371 
686 880 121 922 487 776 783 150 352 937 
221 668 472 565 453 738 181 10 382 
955 625 624 
793 469 310 919 980 795 
966 434 114 493 571 772 127 888 530 123 
904 43 211 325 503 
746 888 545 774 656 288 102 398 181 
601 273 379 794 563 68 50 319 
762 637 296 
891 105 605 965 949 362 846 286 611 224 
762 918 475 152 307 96 44 
648 151 831 749 23 915 
525 10 673 
301 275 52 282 417 511 319 374 25 
733 177 568 616 131 
247 401 382 
382 758 877 618 71 
709 576 54 122 
280 187 254 911 213 434 53 865 
788 208 8 329 14 
696 88 
457 296 270 41 649 556 675 
241 934 926 
255 8 852 29 818 647 608 767 510 
73 94 
560 555 511 
681 330 395 451 156 59 895 
73 594 618 749 354 
23 508 564 
934 899 719 339 57 205 253 944 932 596 
889 209 915 930 591 663 265 563 176 
660 95 623 821 534 15 579 763 385 102 
40 332 870 431 478 
429 45 322 609 403 521 789 263 74 235 
689 401 225 351 242 71 666 
237 246 262 423 
140 111 517 859 122 65 734 642 451 
318 326 
797 462 254 520 
354 419 831 967 
526 232 285 770 404 
694 984 58 980 357 564 129 779 
60 63 940 525 2 746 879 
974 906 461 
177 56 298 317 382 
587 697 683 490 
457 952 
702 146 413 698 425 471 223 84 297 338 
775 529 445 597 645 867 
305 109 528 348 449 594 929 775 717 854 844 
369 432 168 140 
26 929 387 522 
705 250 
227 108 290 138 304 492 922 17 992 529 
125 88 832 47 
762 249 78 807 209 23 
601 481 437 136 786 752 128 618 
821 710 725 935 122 870 
622 25 589 524 505 708 649 702 826 385 
878 367 
691 676 560 
378 681 376 330 
456 376 181 709 
855 743 317 302 461 435 277 595 214 825 
579 318 803 348 892 684 
379 824 561 772 463 141 182 367 
435 842 840 761 32 298 218 931 987 
356 444 200 411 216 356 178 765 1000 354 
924 418 74 389 991 875 
792 629 844 849 880 153 234 802 
196 4 588 605 363 826 222 
784 64 861 
952 866 672 166 782 628 546 315 
636 310 65 670 
600 775 
709 50 256 9 966 949 426 
791 24 582 553 
512 815 698 199 162 618 487 847 344 201 847 
899 549 792 75 905 758 545 514 4 675 733 
454 380 77 103 546 
469 902 571 130 852 702 
668 797 47 799 305 205 638 284 989 11 820 
124 324 806 446 790 
900 325 49 297 520 762 374 815 291 80 
293 985 499 303 4 609 25 538 
393 583 285 875 991 566 826 342 647 437 
538 630 565 675 455 706 931 578 
935 862 373 933 564 
666 928 317 914 469 348 
193 493 464 599 569 470 27 6 319 
264 51 960 155 109 232 
781 583 50 522 515 715 861 
56 922 364 142 323 251 502 793 827 388 
420 321 
759 718 748 185 60 73 40 851 575 
776 226 257 447 242 612 203 
927 870 346 165 980 175 809 343 657 789 
897 298 260 
538 861 952 955 253 542 303 117 
509 740 585 803 301 629 827 232 892 188 
221 979 756 97 
507 340 
557 978 819 479 
558 745 445 627 524 119 149 109 85 66 466 
98 804 872 591 719 822 
329 512 665 608 541 60 
868 739 595 
728 471 
276 644 106 508 983 865 738 763 
740 384 693 203 386 116 331 249 
288 430 602 492 515 155 241 63 563 35 579 
802 240 790 70 379 674 612 367 766 959 
655 850 804 926 323 197 809 
814 680 239 297 802 92 
593 299 931 846 979 503 989 386 60 
918 854 753 664 422 247 264 863 
802 102 541 
389 53 665 868 101 515 
640 100 100 431 526 228 
748 344 436 392 717 977 540 184 669 211 
846 422 594 719 894 
993 465 42 570 994 835 50 456 805 
92 721 812 39 48 
460 862 625 9 590 878 716 204 922 167 
798 800 240 493 792 893 585 48 971 985 
726 440 517 172 428 838 35 792 101 51 
290 125 670 
671 189 995 624 726 554 862 
707 123 75 721 454 205 
547 474 401 133 985 12 502 856 
659 810 265 
503 793 252 523 379 475 675 669 228 
892 60 117 40 142 274 
179 62 167 297 963 122 702 703 235 255 
465 944 469 
443 60 711 818 116 479 
689 27 822 571 730 127 530 381 627 
167 
114 828 330 899 440 176 83 924 
693 307 507 237 204 888 
617 655 135 765 596 
344 989 473 46 911 92 141 
895 593 437 169 453 862 252 521 30 154 540 
730 129 897 39 770 124 
423 409 974 585 715 283 643 49 842 531 
454 4 624 321 969 73 
317 475 981 594 
468 628 79 991 782 356 730 
271 
298 666 132 92 421 436 
137 
645 489 670 143 725 322 955 926 475 
957 822 504 212 581 250 657 454 
326 692 352 641 831 6 995 744 
676 652 
41 614 447 
774 93 890 883 333 452 897 
295 
484 449 169 
756 851 643 119 387 228 68 
212 806 
78 107 
785 
812 590 370 115 
580 611 274 174 841 123 777 780 996 
181 813 627 301 699 443 319 100 819 
569 826 
251 99 477 543 349 598 315 890 150 
865 870 14 332 947 
378 643 116 697 30 
449 232 
624 49 152 265 481 
262 753 752 
68 105 735 523 921 536 468 
75 159 504 
942 334 465 155 329 93 406 767 927 783 
69 853 584 146 677 504 
864 755 
406 268 443 120 525 388 
633 632 538 808 441 488 196 963 171 971 
469 396 106 990 344 618 223 322 193 832 
998 445 441 861 623 
802 417 
27 192 736 774 785 472 
224 622 225 913 197 297 
524 752 91 47 626 928 260 991 
370 291 290 360 378 855 691 292 933 
307 57 705 639 985 652 595 249 397 450 
527 143 9 126 557 650 519 35 912 
21 852 
425 74 270 898 915 13 225 715 439 461 
667 336 247 9 988 498 392 643 963 680 315 
20 841 
872 711 821 661 976 0 111 456 194 750 
224 
823 956 95 413 699 287 208 826 
250 
621 944 508 975 330 791 940 83 824 
16 68 925 218 521 239 196 514 919 
442 529 131 390 959 
5 282 
542 275 
887 337 
307 110 210 174 
432 665 89 377 544 299 733 
484 824 989 598 973 
144 55 741 
66 994 374 805 107 995 724 543 
405 
649 676 348 394 602 
507 329 999 731 350 417 845 973 955 
197 82 81 35 80 450 653 
76 183 
571 491 217 149 
513 485 421 564 255 392 155 436 104 
551 515 274 32 189 
965 937 742 271 
544 
228 657 846 299 
646 
199 639 236 547 246 952 843 395 
674 432 558 901 451 339 733 851 673 
607 591 38 131 142 949 385 881 348 477 
998 801 994 785 284 714 515 723 117 
707 512 831 887 539 56 799 50 273 
623 897 463 81 353 442 107 872 113 844 
919 75 135 757 842 155 743 
200 360 84 
73 182 3 886 316 943 360 565 35 508 
475 300 258 51 256 639 
397 784 332 930 805 491 51 376 
576 863 386 982 
135 396 423 
374 594 449 624 521 144 91 
753 
980 610 293 214 977 319 297 152 299 980 
508 954 163 345 
735 308 136 415 569 799 
104 510 122 626 107 135 
651 971 648 164 100 968 458 846 193 
512 790 167 143 183 785 440 696 962 486 
215 768 614 
358 139 518 
5 81 733 
531 879 695 979 500 
272 552 700 746 267 837 901 
546 93 264 692 947 
798 257 635 107 770 341 47 870 475 267 93 
280 904 760 505 332 
783 65 857 
541 183 437 802 825 408 182 358 
965 203 174 689 910 287 527 
740 186 934 395 499 422 360 698 
14 656 846 577 42 510 521 728 436 678 
647 920 801 291 
496 569 887 
387 513 366 690 839 231 442 
693 289 631 91 131 
212 90 497 673 896 648 613 
877 224 
267 417 395 777 393 616 
79 522 537 
165 213 318 
361 142 459 
296 457 911 763 998 123 140 
716 69 820 712 392 409 306 924 176 
549 932 903 184 604 511 
841 391 36 222 775 866 594 156 478 254 
851 192 504 609 524 507 622 841 722 285 
816 
676 638 265 931 532 713 363 921 982 308 
607 448 315 
387 901 835 4 893 618 25 288 846 233 74 
64 360 454 758 3 573 
713 766 
787 
970 411 999 42 
831 52 250 698 853 
670 491 547 517 617 524 
243 716 545 507 202 90 847 776 500 980 541 
533 323 931 806 672 329 
998 104 580 828 366 487 693 547 529 577 
429 359 
700 822 1 697 812 643 
583 930 922 152 439 350 694 756 821 
164 429 278 795 548 375 151 11 490 
583 720 466 931 421 803 
528 135 
675 944 445 578 105 730 773 
176 750 217 348 561 11 164 378 660 
237 721 283 890 696 380 568 135 
533 49 177 498 700 263 597 443 100 819 267 
716 328 190 914 101 96 39 
467 997 
745 75 419 
855 466 703 323 337 
971 445 546 143 753 932 217 
322 234 709 911 132 378 248 289 288 
333 857 424 
954 481 923 232 782 
867 753 
697 631 235 821 531 528 59 690 242 404 512 
777 601 528 835 314 183 632 700 0 
866 427 505 351 966 981 904 90 589 
933 344 854 647 143 997 993 62 
387 386 116 385 779 755 573 732 361 815 948 
161 
7 867 
590 736 394 430 901 442 399 953 18 
916 605 
818 873 124 547 969 459 741 84 
256 934 678 572 632 357 588 
444 859 500 113 584 979 666 611 386 
849 151 442 823 879 722 841 999 94 
379 595 444 499 
541 546 848 305 412 463 265 270 706 
959 182 859 768 780 343 
874 382 969 159 393 821 9 927 530 754 
478 672 888 
358 149 834 99 
964 35 535 14 
901 554 224 996 832 872 583 27 271 
147 841 443 644 354 
944 566 559 511 831 943 87 625 370 
219 183 97 584 994 985 350 722 
45 930 735 855 
47 299 356 769 195 170 260 
137 876 
608 
149 965 515 76 637 105 121 
919 389 110 495 363 179 517 519 
218 483 720 880 385 631 967 167 151 
415 120 149 519 
371 759 771 353 815 121 684 372 200 474 
310 812 232 920 324 279 704 
84 18 864 786 932 372 69 470 
960 152 705 432 259 766 747 
982 414 686 929 240 
253 546 
697 669 
262 877 814 711 241 
501 540 678 586 135 459 
343 534 443 621 816 206 134 496 
844 460 11 
340 739 752 883 83 892 
832 833 957 
846 947 526 134 804 245 293 358 
279 
420 270 316 347 
569 786 342 640 587 
204 193 132 390 514 576 
114 957 346 
204 906 944 356 148 351 523 621 119 
774 19 650 551 277 879 40 230 410 
774 38 341 815 724 68 145 123 435 
568 971 254 973 472 409 599 
496 452 142 920 959 486 191 
540 360 
60 
55 627 119 812 337 122 686 743 306 
671 556 243 990 308 233 659 759 866 220 961 
864 408 627 325 
144 316 149 51 290 799 921 107 877 131 
781 378 963 338 562 122 
209 767 904 334 193 
296 596 611 222 709 925 844 
726 79 
701 747 32 926 443 465 665 
49 217 845 506 565 732 297 613 490 
193 874 279 979 
760 831 605 399 950 145 583 13 548 
42 276 317 347 160 436 695 465 583 
887 720 510 
813 900 448 525 183 889 182 207 499 
998 596 246 543 665 515 63 383 240 
177 824 201 971 872 286 954 
290 852 236 845 324 698 451 153 903 367 
239 445 544 944 596 746 
580 11 113 820 560 558 
658 487 832 905 50 966 325 929 565 344 353 
868 621 429 228 386 79 513 
726 657 
867 
592 
572 727 382 301 662 414 570 608 269 577 410 
426 246 928 
875 675 414 238 
404 879 635 958 312 505 978 435 838 
852 222 8 237 467 484 440 
923 350 969 233 118 809 61 735 
477 665 441 995 486 657 411 243 
542 16 175 678 
245 207 750 851 816 238 167 
619 429 434 606 538 878 511 959 170 588 
665 471 645 834 165 868 
363 
869 804 236 504 695 576 751 723 964 325 
593 972 812 719 152 587 998 372 670 
26 42 784 426 
616 728 100 625 324 308 905 601 
795 860 544 
374 684 972 972 322 897 788 306 
795 477 639 704 824 115 4 
388 71 53 927 614 
227 733 116 833 871 333 286 724 78 
135 954 542 519 228 104 203 32 735 
965 354 133 985 264 220 593 396 775 
571 389 
582 
299 253 801 173 763 123 416 630 
863 440 454 538 324 98 135 
407 694 251 
587 161 434 714 817 464 791 91 612 
825 327 560 664 380 338 
712 641 
675 118 723 901 490 540 880 58 
578 863 749 645 468 
627 622 871 748 762 735 
93 778 459 166 420 
72 596 795 
121 368 838 33 428 426 13 
911 642 312 58 17 655 376 
36 52 573 260 
549 77 
24 
464 957 132 224 
317 755 789 258 807 771 108 730 508 121 
595 982 187 520 
307 
494 54 473 243 
552 48 737 976 338 
198 32 823 187 531 757 
126 58 
384 924 746 
368 807 547 140 481 937 118 466 634 
706 683 451 244 
681 525 625 113 739 732 
815 433 131 
734 667 487 584 876 994 941 851 393 872 
885 512 19 413 751 871 515 862 618 558 
164 125 628 345 855 836 375 757 784 
152 653 704 
7 763 281 463 929 358 517 412 
983 148 748 43 211 29 687 660 543 49 880 
128 602 134 388 451 
860 569 
858 171 43 612 12 22 264 
933 307 371 970 250 324 
386 352 499 894 785 
784 990 652 535 644 437 19 
22 150 415 928 195 291 862 413 940 414 
753 892 1 376 788 523 161 
389 633 773 258 22 765 868 759 377 455 
744 586 715 966 987 48 
468 620 419 660 302 950 774 21 
374 488 421 247 47 853 200 
459 981 780 
574 5 184 999 692 
31 992 
510 927 693 771 623 656 755 472 
76 120 921 729 124 622 172 612 841 544 664 
820 896 502 452 982 709 710 266 92 113 
761 918 
982 274 432 509 165 403 
210 755 550 770 123 56 694 730 491 931 945 
515 229 908 528 845 427 377 53 117 145 
69 809 702 275 526 
356 389 159 
395 644 528 492 720 279 572 193 
759 86 
725 718 36 22 252 
97 701 952 203 348 974 
187 504 387 
337 611 6 140 361 599 378 469 
601 194 788 762 448 433 237 385 
259 375 250 
465 976 70 256 735 
228 966 512 952 826 
751 72 707 215 335 887 468 584 442 
997 105 638 297 568 
982 769 24 331 918 
79 827 246 117 271 541 939 416 593 883 
53 345 
825 842 218 821 293 117 167 
789 717 81 
23 186 792 48 475 
459 623 66 982 845 892 932 501 532 314 
727 592 162 216 481 761 139 
905 630 917 605 589 895 
621 161 200 899 455 16 
741 160 317 136 711 665 941 
236 142 520 425 114 780 233 61 
261 508 398 458 712 287 137 604 420 10 
228 86 979 26 806 898 257 
721 215 750 274 281 130 637 473 850 698 808 
995 119 453 
64 640 
90 84 472 829 806 405 
601 453 975 59 721 895 
568 224 645 616 298 66 25 757 
198 565 
66 48 190 6 827 67 195 886 234 
579 834 738 14 728 937 
407 15 368 614 941 321 937 807 575 
255 
675 477 412 489 381 523 586 618 304 
471 
674 141 951 744 632 861 913 
793 157 609 150 759 975 472 224 716 
794 969 
561 174 181 324 780 137 263 677 400 
749 799 421 220 370 147 18 653 948 
790 249 
819 439 979 521 819 417 856 227 388 560 
342 528 256 
918 
159 496 447 95 3 141 375 538 523 440 700 
36 170 413 541 699 750 
997 980 
332 576 377 890 576 425 903 643 646 234 392 
746 566 128 240 423 60 
88 857 678 674 281 265 628 897 605 680 
327 633 
754 67 470 896 230 329 421 415 824 318 
135 994 691 79 84 252 
942 633 293 141 526 859 64 
897 518 933 683 
461 602 844 503 721 939 
815 102 359 315 510 510 947 247 247 
934 687 877 650 726 528 879 522 113 
511 191 823 929 63 437 
77 130 
327 228 315 487 746 916 251 170 770 5 
58 206 929 302 936 
584 345 
322 895 862 703 50 602 
168 430 
25 588 952 198 
259 171 811 885 823 
829 95 45 450 475 154 923 
713 960 901 517 400 896 
633 896 125 896 173 171 
497 155 940 749 12 
846 126 
325 242 112 989 331 584 905 
518 977 791 806 808 902 
290 373 
960 770 114 552 964 646 54 342 
244 288 23 215 969 655 422 136 993 
673 555 771 712 92 938 156 585 481 
405 850 401 297 844 338 
11 484 553 950 264 
760 500 928 908 57 
915 65 58 
637 530 373 431 
812 518 374 531 438 427 
899 80 212 953 
867 332 965 732 
830 593 571 732 784 74 226 120 
235 214 790 575 24 732 538 
972 388 424 249 119 559 345 
431 252 57 858 245 
423 91 772 981 178 869 184 879 976 321 
882 14 173 557 
8 945 826 630 805 239 389 103 
781 325 635 721 375 
475 706 416 664 
393 128 335 716 363 174 
766 75 803 371 755 799 188 
391 429 104 223 388 964 615 
872 935 909 311 
564 962 53 
927 159 
608 912 549 315 524 250 881 466 58 397 84 
335 550 333 408 
584 376 999 887 
269 94 839 
165 879 152 737 340 253 460 163 78 773 
223 607 496 925 
711 753 660 
193 387 764 765 839 486 132 341 43 
200 665 
237 625 187 829 907 207 561 675 
949 84 960 771 676 480 
243 94 330 734 261 
906 56 805 595 713 603 574 115 
697 380 21 46 568 377 
459 533 159 587 329 702 258 658 466 
78 894 528 789 786 164 312 363 200 791 
99 204 447 103 305 716 362 492 279 747 277 
130 576 
861 
581 252 260 972 744 
303 969 373 97 194 376 72 769 291 465 
93 30 129 809 205 105 
756 628 690 221 730 626 
299 20 869 876 922 883 290 939 669 92 567 
993 978 109 116 414 502 979 754 
382 
874 409 803 924 259 846 754 
427 583 509 
238 210 295 60 128 62 667 649 763 393 631 
386 442 42 65 648 83 310 277 195 179 
257 796 324 940 97 297 112 642 974 173 
936 545 968 107 480 451 403 
900 
426 826 517 338 995 741 628 274 868 
875 750 186 255 736 267 128 
666 442 416 135 916 661 964 
567 111 427 663 811 58 
623 4 821 983 676 525 310 100 361 975 555 
522 746 135 
353 487 890 609 147 504 856 24 879 623 
577 298 546 261 147 672 235 565 704 
347 595 506 812 262 859 585 288 729 670 
744 664 888 297 243 123 106 467 426 
709 501 244 444 691 507 595 600 653 160 527 
874 104 163 412 876 891 998 
374 747 736 414 33 935 313 
920 15 261 695 80 
87 997 115 997 792 143 200 257 224 
422 322 386 761 854 645 377 436 279 817 
612 956 
527 934 340 797 247 380 172 799 692 858 
974 446 566 352 808 757 166 43 990 
300 72 259 
462 950 578 474 787 
404 339 755 935 
28 371 280 1 
833 666 199 
226 285 532 219 273 76 
241 674 839 55 
64 480 996 147 124 812 
482 866 810 612 29 641 730 635 
885 984 
765 138 208 54 984 378 389 40 724 
497 260 9 
496 442 278 465 161 768 970 473 599 
455 823 877 881 969 133 676 473 701 971 
905 707 765 382 118 
797 418 6 950 317 156 693 784 310 
673 101 
465 69 296 204 110 824 915 853 164 77 
52 13 524 326 874 984 39 
121 5 332 408 
148 934 363 811 479 279 
777 107 178 318 727 847 
175 478 403 39 667 364 
253 59 300 660 666 899 
694 185 796 400 693 
495 781 52 383 879 666 752 828 73 
541 681 304 594 879 153 656 546 58 345 405 
401 269 64 652 949 417 810 126 541 
441 686 
688 525 434 158 991 892 255 671 
135 947 608 618 
892 147 954 143 
733 523 2 372 
784 425 19 975 
243 649 268 804 809 69 
46 887 428 751 19 786 437 
40 903 
133 144 337 788 711 
715 829 183 952 899 558 
684 725 450 703 248 436 712 949 779 
81 325 463 654 121 549 432 809 541 441 884 
569 923 725 989 
250 491 769 378 388 847 491 525 936 440 
663 508 381 763 438 
154 418 213 452 210 969 715 530 48 744 992 
54 388 200 61 878 855 
588 634 928 966 
710 928 378 177 451 775 380 290 520 38 
988 199 
797 889 419 
589 52 803 259 877 238 
258 183 816 72 202 521 
292 606 467 372 992 226 444 924 
757 251 830 631 942 364 40 685 743 50 
677 732 815 435 634 360 218 11 595 
594 317 326 247 
39 415 134 825 542 533 96 405 
143 652 647 
438 983 222 444 791 714 
336 488 824 638 643 43 
247 793 861 960 998 656 537 301 371 
570 859 381 782 776 410 536 953 180 
105 225 664 897 222 659 159 595 857 713 662 
197 249 849 135 444 
580 306 589 
65 132 174 894 982 118 577 
317 688 860 920 222 753 702 149 656 900 
755 105 363 816 814 
443 273 309 
514 642 458 
282 934 318 615 459 970 62 162 496 800 833 
535 469 587 893 244 142 830 432 677 
650 531 
880 956 354 66 348 326 182 955 968 
938 898 573 73 933 
397 801 129 278 670 781 691 416 820 536 106 
838 951 662 
811 776 561 890 181 993 445 
740 948 
679 900 656 756 989 277 195 
796 107 572 776 486 
996 999 684 269 939 122 
774 905 
690 274 315 448 870 868 406 
830 121 550 663 703 225 912 46 
239 834 781 804 458 871 389 430 
870 397 275 629 6 
954 413 180 778 813 128 680 757 158 63 
590 550 179 384 140 330 
468 246 3 
347 960 674 961 30 876 160 394 277 860 952 
506 
684 452 225 583 252 209 388 383 250 236 
6 883 709 412 617 997 566 
801 398 
737 858 111 
445 719 733 
245 294 536 929 
502 
696 966 792 801 649 973 
287 246 629 244 978 
515 410 361 73 340 545 769 508 770 909 
824 378 
704 803 600 
1 321 126 
483 824 608 542 265 878 
387 425 
242 688 106 238 218 46 54 673 41 307 
146 918 808 805 473 995 823 740 535 
987 858 328 33 970 318 346 908 208 
338 637 
956 965 784 379 168 383 581 199 995 296 
283 737 498 791 843 415 446 806 805 770 
337 687 733 45 57 780 20 516 547 896 
188 
465 596 435 241 277 34 
427 633 678 590 97 192 521 817 211 302 343 
138 88 574 30 657 
527 677 
661 173 499 779 
102 787 
639 826 630 578 788 
619 556 
333 68 968 
982 798 585 974 688 9 831 988 214 
946 769 94 147 
114 733 548 
789 107 234 500 585 710 610 341 579 910 276 
366 374 
359 553 704 349 732 
964 893 781 153 
36 241 54 
987 445 637 397 502 363 765 566 746 
485 92 174 
214 486 470 672 437 30 69 545 
939 311 823 154 799 728 508 498 
528 743 500 996 783 367 978 959 364 237 455 
151 719 304 569 551 268 
859 850 485 796 584 439 572 
826 438 586 899 51 751 
101 984 83 744 777 
958 350 438 530 251 406 
153 288 422 609 161 24 
100 626 350 62 397 97 41 106 617 
393 439 569 225 
756 626 
180 795 790 371 177 862 744 49 496 939 155 
583 770 22 70 272 856 350 186 
729 917 
347 449 
363 50 697 890 624 
399 273 985 285 264 625 351 145 156 
979 172 703 884 206 591 
342 
699 149 973 150 661 
654 821 9 894 843 833 
524 55 118 590 819 812 432 363 942 358 
96 941 912 603 
267 746 20 782 88 862 568 541 309 
808 574 703 666 319 460 62 
295 762 768 837 949 434 696 711 
313 855 239 112 738 668 337 818 812 302 
605 349 957 913 309 34 512 
72 823 436 222 825 
381 136 
796 350 41 478 438 850 905 865 118 
301 541 945 577 984 838 603 170 872 94 
739 172 365 410 
973 798 669 960 55 316 46 
209 782 744 361 855 
997 303 226 668 
731 906 125 976 174 4 714 65 836 746 753 
38 760 82 25 839 842 885 937 737 
237 159 852 941 38 540 
111 460 419 613 37 607 
730 282 498 493 
971 71 766 769 
331 491 382 656 323 376 987 548 67 
823 921 127 72 
356 961 350 103 986 704 558 126 86 
527 596 559 435 180 341 640 
19 984 558 692 429 173 477 273 306 800 460 
70 111 771 992 564 112 271 120 896 
200 795 735 
128 242 108 833 
233 216 73 518 337 
881 761 641 176 
127 600 169 664 
160 497 582 312 837 613 261 
876 343 21 201 173 763 856 333 96 
107 410 880 413 
296 737 429 
400 
161 378 378 849 
489 439 120 
235 533 260 
316 207 186 
550 409 341 329 575 17 
256 872 383 
274 531 662 124 993 659 218 228 545 837 
517 158 524 354 185 937 838 484 523 891 
810 528 742 999 26 567 534 
728 278 576 448 201 333 768 447 527 244 813 
792 853 367 75 689 669 654 259 
708 570 180 173 
817 929 31 365 92 280 446 762 858 484 215 
748 210 143 628 105 31 207 
713 365 356 
232 277 723 544 392 55 
860 444 950 532 372 932 
55 
297 
803 964 348 951 313 
140 45 84 62 275 403 577 296 178 625 
116 350 483 365 29 167 676 936 618 214 
483 608 728 808 976 555 141 202 690 323 
832 281 995 292 
982 383 653 65 734 791 597 260 
182 187 753 555 414 252 
61 695 640 622 646 
855 27 333 1000 583 555 564 990 156 416 
917 477 393 123 216 437 717 
784 363 858 
355 516 140 528 345 181 607 
825 375 20 707 776 707 406 
282 416 65 889 824 124 432 
321 335 715 151 80 209 698 222 313 
631 28 372 154 603 668 362 
307 682 286 4 608 987 384 776 
682 809 725 41 536 315 911 645 412 
894 14 
445 391 735 113 374 
483 
874 157 547 538 949 
418 188 92 100 319 237 
67 106 826 690 938 
470 642 245 576 161 
724 884 740 
888 150 309 993 970 928 956 962 
121 603 485 404 786 214 745 595 547 
219 351 524 
305 745 186 
258 730 38 273 
536 540 901 633 691 170 29 
193 34 527 921 
939 682 15 408 315 36 956 235 913 926 
532 678 497 657 661 693 
914 390 619 508 988 988 
251 740 725 508 164 40 
38 111 1 262 391 659 235 837 115 
248 402 916 507 
927 871 540 408 535 383 388 534 
772 526 809 984 921 624 762 722 
383 317 570 787 275 674 556 176 490 612 
795 859 840 90 129 32 580 710 861 
28 753 229 162 834 248 686 923 
252 764 781 354 
550 999 170 950 677 
262 852 243 22 29 873 555 947 715 313 114 
508 335 739 874 921 454 
983 109 195 
998 289 477 753 857 902 732 
633 695 304 218 373 355 153 766 
877 396 231 840 294 721 679 785 
194 71 631 983 507 661 132 78 181 503 777 
770 971 846 186 
710 191 225 963 913 28 914 
336 518 987 356 955 420 605 716 
604 957 299 966 686 458 552 939 
197 91 578 325 794 761 738 
324 492 676 203 454 498 582 352 
846 8 715 319 924 579 
360 839 927 572 948 281 
57 523 877 
208 357 576 356 
620 87 267 816 907 903 154 39 904 950 
9 325 380 364 990 800 552 522 105 
719 574 808 614 465 237 37 497 415 
864 363 250 430 887 463 563 
180 735 584 851 
635 
626 404 166 17 
9 240 872 206 
54 351 291 763 614 
724 495 83 639 
844 94 812 171 284 
821 175 987 42 559 993 142 631 
180 413 986 403 388 306 710 184 714 740 892 
734 
593 69 101 516 554 641 142 
772 889 342 382 119 684 128 472 646 
855 852 730 629 
882 730 771 337 731 
807 854 884 984 
753 145 376 696 491 941 
174 448 199 221 
722 564 945 75 388 268 897 526 607 405 
77 519 905 566 756 292 
632 93 262 373 876 281 558 43 762 217 118 
483 936 501 497 543 479 411 9 693 
328 56 858 219 153 834 235 516 
434 192 96 29 
152 354 716 201 
715 509 
823 403 218 256 736 880 91 828 105 514 962 
668 474 662 501 608 416 111 664 600 963 
240 81 531 369 457 387 523 311 927 939 418 
731 102 798 125 887 904 835 930 
245 274 1000 292 775 436 65 22 76 287 590 
323 84 951 
69 649 744 209 311 791 646 720 499 
739 752 637 289 681 164 143 206 652 1 
217 482 756 116 822 840 400 
941 929 944 829 
558 831 200 991 
927 
32 694 
638 132 697 248 197 
636 
751 53 727 24 504 476 259 519 290 
799 787 644 681 36 198 649 139 
960 226 166 278 198 18 276 491 
523 603 500 374 646 896 196 889 300 313 903 
240 558 91 946 770 388 992 
481 16 
335 681 449 315 943 671 
607 896 521 26 
656 503 354 316 
846 555 358 245 
456 363 991 745 16 771 805 300 57 465 476 
182 156 824 273 398 
601 867 495 714 91 318 690 
189 769 579 743 235 994 
208 400 390 358 249 881 492 355 524 709 
818 686 437 279 482 140 497 523 
818 503 867 824 372 
972 917 708 910 
196 248 556 805 359 834 374 225 
687 270 55 969 319 787 927 79 
922 730 212 306 124 709 334 318 283 
261 434 976 233 113 135 747 
125 463 718 448 370 
299 336 404 3 285 236 383 274 117 10 667 
589 182 451 936 790 
456 633 548 
204 556 170 754 915 608 
889 552 506 845 643 46 215 748 6 
259 230 168 
783 942 407 64 808 300 542 
549 144 106 648 225 926 
146 270 724 61 921 328 859 365 976 965 
819 167 487 318 289 
776 632 285 719 550 220 549 562 955 691 620 
891 24 25 390 
285 254 850 587 202 174 430 792 862 36 315 
341 739 941 157 516 500 618 806 
584 947 158 521 264 586 331 377 647 375 
495 543 369 447 639 21 802 768 179 
506 758 167 167 838 258 855 515 617 
451 240 130 995 
71 718 356 806 549 
334 818 783 164 98 843 140 639 496 790 41 
420 569 500 
938 317 
231 601 105 389 736 835 392 
477 807 38 803 267 698 126 609 577 764 
47 648 110 541 460 
565 227 949 385 588 978 709 
589 857 190 551 577 127 219 
556 706 758 413 
696 439 606 702 771 537 690 
688 547 373 81 
6 430 134 317 722 640 986 647 
512 651 
535 368 506 349 47 778 
213 471 
198 370 688 783 187 891 571 50 887 562 
180 27 221 205 744 
318 768 718 21 987 965 388 
413 584 872 25 766 684 786 
487 858 101 575 216 580 707 
131 315 723 255 985 527 81 251 619 264 
180 244 450 810 782 
562 362 612 852 
216 162 325 688 975 698 136 408 101 
738 956 303 
306 841 446 817 
845 23 152 
711 717 71 118 457 70 
373 482 816 360 993 98 890 
531 665 644 706 
983 321 312 291 79 290 188 
72 97 493 292 251 850 489 
27 975 400 
932 869 573 508 290 490 839 
747 404 489 819 293 334 769 453 
721 292 406 789 360 290 654 355 606 94 509 
211 761 363 296 
245 791 750 573 
292 
107 628 434 66 55 814 708 965 504 
859 120 
162 966 88 38 979 80 626 71 
668 459 
848 672 240 96 308 447 863 133 
369 762 353 
382 385 
562 288 
121 258 29 299 855 265 
575 1 294 81 88 372 889 884 809 
583 656 592 
426 461 122 254 771 206 
459 739 881 526 
260 50 613 422 107 387 40 606 814 
632 150 902 68 782 61 
829 532 961 394 
169 940 560 315 468 441 
731 256 198 379 642 442 762 688 
183 645 618 374 321 620 457 
768 195 444 283 985 806 330 991 208 
693 255 591 392 436 840 909 693 
825 976 551 225 42 
35 209 339 166 0 
449 658 152 
740 30 61 468 634 822 
937 973 43 
153 112 16 984 475 
186 
966 196 
848 618 586 959 163 616 459 
669 564 330 531 389 69 840 
869 589 825 8 38 968 363 389 887 532 
826 475 
484 538 312 
673 273 639 512 67 
638 154 
131 109 427 978 525 638 480 
448 792 56 309 120 372 867 
430 246 202 
654 814 677 
463 613 532 445 867 108 390 
256 194 870 321 192 445 
389 110 634 626 577 585 566 350 85 314 741 
652 485 894 48 
666 928 400 673 895 285 906 
111 277 752 49 
409 950 842 520 234 918 697 
753 379 740 576 921 
892 
249 681 654 798 81 871 734 494 530 868 
685 644 462 248 704 807 844 916 986 
202 109 615 373 885 636 92 399 562 987 
735 263 814 558 228 731 519 243 362 973 225 
240 419 911 814 69 606 996 597 
780 155 337 22 332 637 522 449 
881 177 359 14 701 425 
798 826 999 
447 73 844 663 74 936 
785 722 877 224 122 986 
100 451 
12 308 998 179 426 185 289 686 
661 400 921 358 
635 51 332 310 171 908 129 512 698 208 
517 578 184 58 687 569 549 438 671 
199 381 975 848 561 50 308 
981 
375 893 73 382 258 675 434 200 
709 613 
911 987 770 
158 442 
996 614 586 55 411 802 513 454 724 189 
887 441 119 372 337 9 580 744 196 
488 875 16 346 619 955 170 285 858 
352 176 922 762 
84 205 920 708 
910 205 584 930 117 370 
403 952 604 
355 501 409 28 484 636 746 844 383 
488 23 872 160 712 
879 4 861 200 144 855 
44 520 636 341 
163 831 134 764 391 49 
790 483 739 282 280 211 718 573 
385 675 644 389 179 300 283 
540 193 858 274 
219 899 757 293 452 
813 213 375 215 976 572 486 138 1000 457 
233 153 422 596 425 496 272 474 288 60 169 
264 309 847 696 810 824 204 837 13 588 
1 695 
389 216 547 555 714 637 314 504 97 
576 551 354 191 139 836 872 621 586 
773 175 999 
711 784 405 
91 732 958 967 976 49 397 528 483 
818 862 930 72 274 269 
394 250 668 895 951 539 
175 46 
920 38 874 556 148 350 
998 774 784 888 235 534 171 483 
999 847 791 355 397 800 310 195 88 890 
499 79 914 
688 497 815 472 627 427 802 127 967 10 669 
261 220 90 6 887 
179 240 308 
86 445 702 159 916 307 494 324 
928 817 13 76 719 436 422 314 807 
3 891 92 
261 459 626 237 
666 454 280 30 206 
655 478 439 261 209 26 370 
482 70 
541 460 956 661 
72 615 119 168 966 366 403 
582 806 452 
75 185 886 
97 169 329 653 988 407 339 87 389 
223 646 828 888 521 773 292 237 428 
328 275 954 936 705 435 89 222 
53 761 457 
890 864 899 
723 144 609 400 873 212 519 329 105 
761 604 793 299 398 247 
50 217 545 686 533 750 624 536 368 
393 831 729 
384 261 178 
532 481 890 430 405 526 35 357 942 
617 950 206 617 534 780 199 522 
994 266 
155 849 110 710 13 534 967 
738 922 959 355 
429 157 101 580 
392 52 678 694 342 686 157 
920 435 704 893 505 120 471 
43 780 212 662 544 303 26 712 
751 
347 341 813 421 866 201 259 179 780 452 829 
29 114 450 377 171 424 184 
195 14 823 230 127 737 535 
60 177 462 
797 369 674 769 730 767 403 228 142 
942 352 557 348 124 749 329 765 790 635 92 
152 
252 827 448 134 167 
808 913 
309 728 742 
649 65 
494 54 952 955 
341 543 
653 925 999 717 428 144 612 361 142 
482 891 517 571 642 158 648 888 
364 170 
356 419 331 417 817 761 636 
325 951 208 955 900 798 523 728 580 311 682 
112 253 
554 348 585 181 485 750 564 383 367 916 
929 497 526 51 717 273 622 977 841 
618 763 978 203 964 752 541 
844 955 
159 842 698 509 
962 179 
98 919 221 348 370 101 
980 
112 94 180 122 305 
675 173 201 618 166 
212 637 80 652 569 409 150 541 
951 506 934 70 808 425 768 593 739 393 
9 915 635 646 145 407 777 397 261 
788 448 786 
864 458 509 33 404 43 635 529 741 
604 107 782 
86 231 
880 56 460 
815 356 383 729 792 
390 417 538 164 36 528 157 
293 352 651 
467 779 430 287 67 819 
694 396 951 323 528 
436 965 184 
257 431 391 196 846 856 976 566 242 
591 318 858 26 798 227 
236 419 45 719 288 562 
437 
229 832 506 84 908 183 368 542 55 224 
932 883 703 461 337 345 645 
489 741 177 10 436 828 803 
240 869 900 758 726 
730 143 821 838 742 350 
736 440 177 952 578 618 
761 535 213 898 13 680 589 780 995 875 
750 226 821 583 289 784 
494 661 477 
740 773 877 59 
570 758 785 
624 961 794 373 63 
974 645 506 
451 
151 914 660 627 685 404 746 175 
13 710 312 
340 182 327 744 848 260 
879 
288 877 48 425 
429 
821 981 465 
631 654 469 882 28 54 229 511 43 428 495 
753 794 960 397 376 788 348 
295 713 885 622 
207 936 72 797 417 85 
360 107 454 100 
591 522 380 840 
236 600 125 114 703 10 153 186 222 626 
297 966 334 188 16 62 740 
246 388 938 740 352 832 
824 350 321 206 331 603 386 106 624 
553 843 647 305 330 116 106 800 91 516 
918 613 17 812 485 573 629 
752 759 
657 856 304 210 100 24 704 120 570 417 
938 981 24 279 151 740 511 639 281 725 
301 19 496 682 246 
290 705 297 269 815 165 552 397 389 
854 898 445 495 590 119 934 255 
434 664 251 397 523 100 84 
145 656 916 420 580 18 636 417 
517 863 554 549 93 
406 979 881 
801 991 941 939 675 948 
375 555 915 
469 462 74 505 797 512 49 516 5 993 801 
70 205 
767 51 837 
671 231 167 
96 52 872 958 734 765 712 916 186 186 
765 411 468 347 956 703 300 807 466 223 
807 797 618 953 530 
762 172 716 132 147 597 412 
948 
872 761 316 874 358 460 900 601 155 
155 42 546 551 449 138 65 367 512 531 
641 258 236 881 516 497 612 437 934 
538 444 471 543 201 114 682 
402 573 96 106 784 805 525 666 
94 853 972 470 767 942 419 894 502 823 
164 992 834 
345 247 845 718 868 305 235 
605 646 787 444 109 83 
878 942 
947 176 487 607 456 
147 825 563 996 352 32 103 985 
502 464 346 607 
204 470 477 821 836 714 630 788 419 241 60 
120 956 327 305 408 557 526 504 28 236 
417 412 64 845 
691 589 181 116 955 675 817 956 924 
995 231 
71 554 34 625 805 771 774 307 
96 597 292 956 188 911 712 201 151 
670 267 384 565 
435 954 
515 513 879 633 
839 259 406 496 868 627 
941 380 452 569 210 842 190 188 238 
786 307 325 853 42 106 676 213 748 555 
413 992 117 798 172 545 210 550 948 737 
378 234 720 
417 237 536 826 
1000 885 728 364 480 10 
786 629 591 763 971 
72 716 684 853 312 998 383 506 973 544 970 
557 42 331 139 480 309 307 
114 809 273 
178 90 956 459 407 415 670 68 891 368 
822 989 725 373 656 239 366 
814 152 505 150 
311 28 724 
668 211 322 660 463 612 960 
650 399 541 130 250 916 294 
540 757 681 
470 124 429 
226 770 854 736 344 
113 436 276 2 
757 818 382 851 243 304 6 
316 982 111 736 165 457 862 245 475 631 171 
31 29 333 204 710 
269 114 918 197 653 819 981 222 707 965 
888 938 64 421 953 608 
199 766 217 
657 720 764 748 516 343 97 742 746 
104 649 583 220 45 
744 690 797 918 895 449 299 800 
58 972 294 843 22 404 816 456 765 67 
838 483 370 
124 308 801 920 73 668 462 631 115 
769 607 896 567 
878 849 223 671 816 816 313 
610 268 827 152 859 
294 869 
780 955 282 411 187 394 
753 819 24 648 213 245 352 
792 43 408 79 904 998 256 634 236 
996 995 
691 151 714 627 305 862 376 886 882 780 545 
237 
363 194 
446 110 820 899 601 480 965 420 2 
542 802 395 479 195 961 963 432 965 949 
817 392 267 743 813 209 
547 751 292 623 22 
18 494 824 59 685 
232 335 155 597 
393 374 546 
958 922 615 
246 256 612 729 311 800 
619 
531 860 785 685 228 559 128 
33 903 156 635 486 555 527 434 685 206 
632 726 864 351 211 87 339 716 
106 430 489 419 214 
970 594 67 484 597 39 256 811 520 791 
355 661 202 573 857 166 200 389 
662 164 774 31 213 668 208 641 387 904 
117 343 47 940 314 345 346 887 657 598 
844 329 826 
763 572 494 
703 637 71 465 488 422 260 379 969 
577 468 533 284 
400 27 751 
645 737 254 195 786 595 
302 860 263 579 282 35 
564 240 380 
406 429 24 32 769 353 480 184 
381 416 294 
293 657 898 
649 694 514 421 397 484 360 
625 826 361 879 
82 92 32 823 544 823 982 40 212 308 
235 262 485 530 878 5 745 746 
601 916 488 453 307 625 168 150 558 
426 657 648 
506 74 288 548 581 996 845 614 
658 513 
556 513 
934 50 131 
898 630 842 459 907 988 14 
660 
385 63 891 188 350 9 194 857 
465 94 518 72 149 529 558 
746 401 927 491 20 338 
969 982 340 578 906 366 
862 831 218 156 597 346 
531 751 294 64 20 455 433 558 779 516 
919 
974 368 854 896 255 
820 337 948 45 
65 716 811 
381 406 290 431 107 863 507 541 948 487 
533 748 71 
994 324 942 756 327 12 939 
825 591 264 
553 745 732 
843 707 447 
671 255 451 726 701 711 357 467 274 86 
432 125 59 739 181 117 
96 272 756 80 850 602 784 538 33 804 
554 706 591 968 88 425 467 
426 965 706 385 
806 1 376 
432 697 305 587 967 5 276 
183 117 
269 399 608 775 626 325 58 107 
355 271 822 492 369 20 
387 545 713 716 386 239 892 380 835 450 
956 68 899 71 564 543 265 531 712 906 603 
279 161 466 716 923 586 782 21 
559 998 27 
946 
885 236 215 97 734 273 
788 342 950 744 724 545 765 658 996 393 
534 638 
989 670 572 851 95 
86 431 69 215 866 324 
77 117 942 
733 799 336 901 41 523 657 
430 116 560 
853 410 983 357 985 267 
872 827 385 
552 383 909 392 905 
375 240 257 873 35 993 
382 67 902 67 48 730 144 7 138 974 
268 52 
219 143 821 128 625 62 
513 799 538 534 395 314 408 7 756 782 
496 417 348 502 620 762 623 
188 180 496 872 677 
698 950 621 203 
99 563 681 790 594 730 352 
166 82 379 705 515 895 291 94 431 538 
7 789 586 536 
224 945 373 886 743 130 155 838 70 356 
140 999 607 83 681 538 322 
294 128 871 60 270 711 
559 836 937 693 202 984 
222 64 580 378 
187 
289 606 
153 86 418 77 501 440 
775 613 538 
756 38 109 374 954 181 
653 997 646 920 155 630 109 116 784 
109 973 906 
668 593 196 480 148 692 608 162 256 209 
63 590 298 478 25 645 925 
397 676 906 674 536 
627 638 574 479 
130 506 52 
759 97 463 19 512 678 351 14 
324 151 854 299 479 362 54 615 533 931 
989 399 650 983 620 614 981 145 434 995 
853 702 386 
56 298 520 554 
733 537 974 
633 177 997 477 
191 299 552 591 996 976 667 537 101 
602 255 343 559 115 
462 616 342 597 43 
541 320 
347 918 557 136 747 
247 816 700 292 253 259 768 564 978 518 
464 310 645 75 812 26 
294 323 
756 571 36 644 
587 113 
532 340 253 975 507 
538 29 
11 969 313 4 
480 600 
247 717 505 
316 349 670 325 357 213 466 714 
52 
694 35 145 825 21 430 596 254 291 223 
695 353 188 308 403 278 100 
566 
680 679 115 573 194 
328 843 95 846 866 108 622 410 410 769 755 
545 705 451 504 55 19 535 509 
582 188 255 711 
414 478 414 480 395 626 552 759 155 509 
418 422 333 123 821 102 900 
75 274 253 108 107 106 552 82 786 
460 224 638 579 816 605 178 
887 245 398 665 964 432 423 288 606 
901 545 
195 113 804 743 
382 861 814 925 
955 13 172 615 265 670 9 961 802 
292 352 99 40 275 78 605 327 418 390 
766 194 690 
301 55 264 788 575 216 561 400 
401 563 595 923 226 276 292 123 
869 962 470 124 495 
999 693 326 181 
537 831 80 
285 830 909 23 643 355 619 774 
848 722 364 138 726 714 
897 854 791 897 309 941 782 
484 402 680 259 246 717 
947 876 812 275 252 174 496 821 
996 490 832 689 908 71 37 526 134 
153 867 436 840 66 249 92 968 891 664 
688 791 715 449 599 970 263 
487 752 
962 169 139 499 982 228 764 770 82 
647 833 
773 650 865 597 31 
944 
236 104 911 406 
108 962 826 
686 255 410 219 892 303 84 269 927 444 532 
904 155 362 477 572 512 
252 404 563 20 14 944 889 930 426 835 
288 805 428 
92 629 369 515 222 422 89 106 58 533 
98 783 844 406 726 533 950 
886 48 827 139 
985 525 329 580 540 
316 105 543 46 880 456 685 74 345 721 
394 
836 395 923 253 448 
101 
188 775 640 50 650 316 547 796 844 953 
218 405 79 775 766 351 
764 
661 539 932 16 
212 919 747 26 566 
816 648 911 571 
175 450 162 477 484 185 689 
887 797 773 399 336 142 
176 703 547 
247 914 530 195 55 214 123 
253 353 448 895 119 968 694 698 643 938 
70 195 8 
656 183 447 120 209 597 31 
685 860 129 928 268 872 172 473 
680 296 657 46 655 416 139 135 595 551 
191 662 
70 697 552 632 388 827 805 
591 867 672 
262 812 426 468 164 689 546 374 95 611 
314 653 115 667 571 564 803 930 
726 
973 742 641 212 551 313 368 655 532 
674 657 476 74 528 691 334 393 594 334 
859 889 931 
157 248 815 
877 764 617 944 535 854 
118 665 109 174 320 763 584 791 
369 677 776 556 
273 116 
658 280 535 659 370 247 293 497 
186 321 991 676 
728 318 101 640 
948 3 695 
758 139 507 511 757 
528 
329 
40 534 402 180 904 456 439 653 
832 676 734 471 973 498 837 565 177 
39 991 648 164 576 
123 512 737 38 240 700 471 164 
910 462 842 
467 965 106 702 590 187 233 211 
493 270 189 525 199 735 
414 276 
491 427 693 765 166 939 729 428 
673 997 967 504 231 
515 141 354 419 672 392 
96 921 987 452 719 476 403 925 245 
154 141 209 949 315 718 725 391 
212 473 467 613 913 942 134 14 623 
169 618 330 82 468 975 177 738 
244 
893 838 305 323 526 112 370 
97 392 612 
484 808 
223 429 872 842 81 277 387 150 500 289 
215 768 304 533 573 45 36 
794 673 793 59 170 247 889 551 674 
531 741 228 406 472 421 805 443 203 272 
344 965 948 423 322 
350 471 140 897 242 
923 66 
708 999 550 769 559 156 19 296 896 236 
252 735 459 500 50 951 392 762 685 973 971 
158 174 469 106 479 465 836 305 928 
297 935 
469 630 262 784 171 20 336 619 
905 85 
521 709 738 
894 875 348 912 76 104 698 670 628 206 
863 758 470 306 898 
951 478 799 525 
228 555 119 593 777 590 1000 
360 519 872 227 698 844 725 646 114 742 
859 58 
40 379 332 517 448 828 794 
584 326 818 
521 362 303 211 428 62 497 107 249 252 
470 827 231 203 400 
651 26 381 600 414 88 616 201 1 239 187 
117 657 
791 86 297 
2 881 428 105 23 
11 585 244 
218 132 98 470 868 664 
501 53 0 
241 753 152 108 
701 844 44 667 297 
78 536 836 711 849 369 849 267 992 719 
206 872 235 75 235 816 92 115 261 
349 178 828 610 129 
29 52 42 749 
163 747 813 906 38 66 
875 247 547 
673 408 
48 145 490 174 567 767 404 159 266 215 
805 269 674 242 174 5 502 926 766 853 
556 643 377 49 338 
459 364 461 437 
732 484 
108 671 249 535 
593 351 451 738 501 699 63 324 
188 374 859 884 
480 
709 753 665 847 891 
869 412 611 196 407 
905 354 373 961 524 565 622 304 14 
737 868 671 
887 142 534 731 988 258 58 133 68 526 
427 237 134 679 185 186 289 
828 600 600 
249 406 957 497 32 255 709 666 281 148 
503 603 611 937 580 
325 188 811 133 
277 117 163 710 358 2 434 
964 697 282 
90 16 358 708 824 
538 533 799 678 236 822 244 
144 
931 336 943 112 772 383 999 622 377 
592 86 336 469 696 816 505 
850 219 96 72 147 
823 725 877 126 915 484 842 474 258 959 895 
