180
191
190
183
196
179
178
198
180
193
185
186
189
176
199
189
194
191
187
183
185
183
183
179
187
186
182
186
192
175
184
178
181
185
188
194
185
181
198
189
185
182
194
189
184
190
182
191
187
190
187
190
189
189
188
190
180
203
223
208
184
182
187
167
188
167
188
181
182
191
190
199
221
218
189
183
181
189
185
183
195
194
200
204
188
193
187
182
162
182
155
177
172
181
177
181
188
173
171
167
157
153
168
182
141
179
169
186
180
184
185
190
193
196
187
179
176
196
195
182
192
188
179
191
186
183
174
170
167
173
189
175
186
186
182
195
179
176
185
181
187
191
181
185
184
173
188
188
185
180
186
186
201
201
182
195
196
199
195
204
207
210
222
202
191
209
209
188
174
164
178
171
169
149
143
133
196
140
176
190
231
166
164
192
219
199
201
218
178
226
187
209
219
195
136
135
180
227
214
203
222
167
160
186
146
163
189
205
188
206
233
170
207
193
198
150
190
177
189
189
187
203
189
188
188
196
195
189
186
196
195
196
189
199
192
182
182
192
215
187
187
170
179
163
186
155
178
201
197
200
204
212
214
214
172
225
165
204
178
217
209
182
219
175
175
196
221
186
176
207
195
228
205
161
184
206
229
191
152
166
167
183
155
163
180
204
207
170
168
195
219
189
204
227
236
229
164
181
175
158
122
205
149
146
192
123
198
232
132
150
150
190
207
209
181
214
234
162
207
168
125
157
119
181
235
171
161
152
122
156
174
164
202
216
189
197
198
199
146
150
112
191
207
146
198
184
203
192
201
168
133
165
193
161
222
217
187
182
168
161
165
147
158
208
211
182
192
199
200
205
217
218
203
207
153
187
161
213
209
214
196
208
150
166
126
137
171
210
220
160
133
147
177
173
217
212
224
194
206
184
223
216
198
212
183
226
187
188
197
204
210
226
207
202
214
222
207
221
191
166
191
194
214
223
164
142
178
192
219
220
208
187
215
166
200
183
195
201
200
180
166
179
189
150
125
124
161
163
156
158
164
180
163
172
188
188
188
188
188
201
166
188
188
188
188
188
188
188
188
188
188
188
188
196
217
193
200
205
200
219
224
224
229
219
176
210
233
137
112
178
180
191
195
209
216
190
200
189
217
205
170
228
183
195
192
205
206
205
192
186
186
186
186
187
193
208
246
244
239
215
189
203
176
130
141
92
59
55
121
117
175
147
166
148
218
232
248
248
231
141
73
56
84
93
66
82
97
74
63
87
118
182
187
180
168
188
177
186
191
186
188
188
186
187
191
188
184
190
191
187
195
200
204
209
179
212
188
234
239
240
225
208
175
165
170
171
175
188
136
100
243
245
245
187
186
172
197
180
194
186
199
173
175
186
168
147
174
182
164
181
201
188
214
205
164
180
192
182
195
186
120
157
148
203
218
216
212
222
220
208
216
220
210
218
176
163
151
152
93
62
128
137
80
67
146
141
85
83
38
59
129
127
126
118
163
223
233
220
209
214
235
221
195
192
213
200
224
235
157
151
136
137
85
158
119
158
203
229
217
169
173
151
110
89
80
69
142
178
220
205
216
210
182
184
214
218
211
205
214
235
237
224
112
118
131
124
36
64
124
95
77
117
83
98
66
111
234
103
74
63
94
101
111
164
170
162
173
147
149
182
232
202
195
227
209
154
95
121
110
116
122
158
157
158
161
161
165
158
143
152
159
165
93
125
87
122
88
123
53
101
174
228
234
244
212
194
201
206
230
235
227
221
244
237
241
228
188
98
69
54
88
130
146
203
214
229
225
230
226
213
207
198
157
166
207
169
107
121
120
192
204
169
110
183
172
111
120
140
194
158
172
143
123
114
64
86
83
159
200
151
148
102
85
101
117
112
75
59
114
136
201
233
246
210
197
223
221
198
226
226
225
156
208
235
219
185
151
103
90
158
202
209
211
114
91
110
226
230
228
242
209
177
175
203
167
182
185
182
197
201
174
189
145
148
111
186
175
203
193
145
81
184
195
187
185
193
177
190
189
182
194
179
191
190
193
198
194
185
188
188
187
183
174
223
177
140
235
235
189
161
162
150
154
186
217
220
222
111
128
171
144
135
155
123
108
124
154
147
128
135
142
119
131
141
124
142
195
227
193
213
232
227
240
236
243
244
234
195
177
155
144
185
168
175
119
103
138
145
108
93
103
176
165
215
247
249
234
138
112
107
115
92
60
124
237
211
152
238
236
242
220
213
183
223
211
201
188
243
229
216
215
205
143
178
125
130
147
158
131
157
191
174
176
187
166
151
136
134
120
131
182
216
214
199
210
218
132
113
154
207
182
199
125
111
169
89
90
173
154
117
159
182
184
183
116
72
88
155
96
74
117
153
218
210
246
244
242
235
208
209
125
144
176
235
204
177
146
142
182
153
147
148
162
203
196
190
220
213
191
181
142
185
211
145
126
102
128
161
153
125
136
204
225
229
220
240
231
226
215
236
213
224
235
219
216
213
219
230
243
94
60
84
123
159
210
226
210
211
205
217
211
210
217
215
215
212
228
243
141
153
160
132
184
232
243
232
200
239
206
110
118
156
147
135
155
159
110
67
124
181
141
116
149
93
134
145
105
80
213
231
127
85
35
55
145
86
78
125
133
166
208
226
238
244
239
242
232
135
121
140
217
246
224
208
233
227
173
183
222
235
218
229
223
193
134
169
180
79
89
82
148
193
187
143
166
218
213
230
238
239
235
224
108
136
187
152
165
191
113
138
135
153
160
164
170
164
181
206
122
124
171
190
215
243
222
126
79
144
161
116
158
183
218
244
227
103
102
110
113
107
151
224
146
134
120
69
76
216
189
183
115
149
60
120
149
160
150
186
187
149
155
180
136
102
87
73
96
61
97
72
56
93
130
168
204
223
240
245
242
231
211
184
165
192
173
245
209
196
173
188
145
156
126
163
203
228
238
230
224
232
218
209
176
187
173
131
138
193
235
234
95
151
217
168
209
238
160
83
166
104
142
127
127
139
130
105
119
54
182
234
232
236
243
238
227
223
212
228
240
235
236
208
175
174
230
190
206
119
116
184
213
170
44
114
186
210
180
181
161
121
182
192
198
184
154
188
211
202
156
103
87
86
128
185
234
234
234
234
221
220
174
180
247
234
182
162
129
141
110
74
113
168
164
188
169
147
151
184
134
237
243
108
93
64
65
52
181
240
245
246
248
232
113
179
186
135
119
145
131
107
113
143
108
151
75
224
230
242
224
238
233
220
213
155
154
167
141
102
222
246
231
133
227
115
121
155
95
124
208
191
218
229
221
201
235
184
152
169
144
97
132
132
145
148
137
195
142
238
209
134
111
32
75
144
205
212
220
228
237
241
234
225
183
155
40
97
69
54
183
224
244
247
242
165
213
217
119
119
109
133
86
135
145
222
247
247
230
235
236
236
238
126
153
143
192
172
104
104
103
144
208
236
193
177
202
150
143
182
224
207
230
233
221
224
245
240
127
195
245
51
152
105
128
137
221
247
216
242
234
211
109
92
83
99
85
122
116
212
224
219
219
193
160
174
136
128
207
234
222
217
219
212
216
198
168
158
156
135
207
225
220
212
214
175
98
146
117
146
229
231
236
137
161
179
198
205
207
169
143
165
157
132
83
226
228
239
234
147
188
212
217
240
231
230
228
227
161
204
228
124
185
224
215
211
224
225
223
229
239
238
181
111
114
124
121
147
139
166
102
123
163
131
108
115
219
192
193
96
173
149
148
122
88
108
116
124
155
166
169
168
186
192
214
225
234
226
244
226
190
164
188
203
242
237
235
216
64
155
217
190
123
123
71
126
157
201
237
202
189
123
146
188
203
207
212
212
219
205
230
242
246
121
161
167
174
183
180
188
183
211
208
218
227
164
186
184
159
178
218
243
235
239
235
237
239
193
66
150
197
73
121
121
155
140
144
162
197
137
75
96
98
166
124
116
147
107
102
128
145
116
144
128
174
181
174
184
106
103
117
142
79
100
91
124
165
207
194
156
118
106
123
87
139
202
125
77
86
115
125
191
208
225
233
238
238
223
206
225
238
239
238
236
196
126
220
244
247
244
219
167
182
168
208
205
240
231
230
220
166
151
140
175
241
218
170
198
211
211
234
196
59
93
171
206
184
171
177
71
86
121
114
195
241
234
233
224
210
229
215
75
144
101
92
60
79
156
216
232
218
214
168
204
202
167
171
148
69
141
209
201
208
189
171
104
89
101
78
105
180
240
246
248
245
141
143
171
211
218
239
210
156
73
90
64
130
228
218
181
158
179
192
175
199
212
236
246
228
194
212
187
89
77
109
247
224
204
212
193
175
141
110
107
130
241
211
195
211
195
197
203
192
158
160
150
138
125
173
198
116
108
128
158
169
192
173
180
174
174
163
163
176
173
167
172
177
192
168
185
182
177
166
165
172
184
154
188
190
168
162
151
149
140
153
163
98
102
99
199
155
152
67
93
134
199
195
197
193
208
204
205
225
232
220
235
216
203
209
235
231
202
174
235
234
219
220
226
230
206
141
124
130
123
205
184
152
170
167
184
191
188
179
167
170
183
211
239
238
192
229
235
224
213
218
237
229
228
237
209
161
227
239
238
232
219
209
220
218
228
245
242
203
166
197
243
218
194
140
100
159
175
147
112
132
123
124
135
177
130
126
181
234
244
244
244
240
195
220
218
220
226
235
240
118
129
135
180
194
95
114
128
145
123
194
194
232
191
109
110
112
118
104
83
82
21
98
142
146
211
198
203
224
204
225
228
216
206
212
192
197
206
190
175
198
119
172
141
115
98
100
79
83
144
210
218
183
182
184
164
152
142
136
111
168
219
233
220
180
213
229
222
233
239
229
70
126
157
149
163
218
200
104
122
146
144
124
155
196
239
204
199
202
187
203
229
243
243
232
55
89
148
140
138
129
139
174
180
187
188
196
191
149
177
133
142
148
155
136
181
180
170
217
199
138
139
147
154
181
164
112
84
101
61
61
139
195
224
236
237
239
242
234
232
229
232
230
231
240
238
235
244
195
181
174
40
149
186
106
148
133
120
166
175
55
169
202
227
204
234
185
142
190
221
229
232
184
201
209
232
243
156
119
109
122
117
144
152
141
148
141
178
146
199
137
150
129
136
149
173
141
127
105
112
111
86
123
126
103
88
108
179
119
54
82
169
188
199
228
167
164
168
151
154
112
189
177
144
157
160
160
145
86
137
196
239
143
187
159
191
214
228
219
141
144
94
158
188
236
219
217
183
189
141
122
100
133
144
162
158
111
203
247
189
148
167
181
207
223
217
220
154
155
119
194
229
244
236
174
133
141
149
149
147
152
147
177
153
164
198
167
109
137
157
168
143
184
221
233
211
198
182
178
184
201
238
245
239
176
109
130
177
215
206
183
191
195
187
179
176
171
179
180
153
167
179
173
170
157
150
148
190
183
210
226
216
201
190
170
167
167
170
159
188
128
99
155
146
153
220
232
221
214
212
187
173
136
195
217
215
214
184
152
179
181
178
162
160
108
114
107
81
102
109
159
217
229
200
229
240
188
202
241
235
194
175
163
166
154
158
156
130
115
188
181
136
140
161
236
196
208
227
227
221
233
225
245
208
205
227
227
229
210
227
234
223
68
134
162
145
128
174
162
170
174
169
170
200
209
216
199
226
202
183
161
127
177
153
192
219
206
217
222
223
216
191
198
186
168
227
212
172
229
238
207
213
227
217
217
213
210
245
226
206
143
181
190
202
203
191
148
103
176
150
139
135
133
132
126
147
164
143
131
146
169
183
176
187
159
150
134
195
199
141
186
191
170
144
124
172
217
192
197
174
125
144
168
140
131
189
219
212
167
145
172
176
202
219
212
174
154
149
197
159
136
166
173
146
143
203
220
108
181
233
229
221
222
233
231
226
209
122
106
158
120
160
200
232
226
195
140
144
212
130
102
150
150
215
205
224
227
151
114
148
129
177
193
189
194
198
112
88
110
100
98
143
212
225
230
217
224
213
226
221
220
212
207
186
161
194
187
192
199
206
191
201
215
200
226
173
171
177
169
168
175
198
222
214
175
194
190
192
205
191
180
196
202
208
196
150
159
178
194
229
197
190
220
197
172
165
193
150
133
150
138
196
205
182
160
219
187
200
214
218
214
217
197
160
174
167
190
152
194
200
214
202
170
164
163
153
186
204
179
162
182
202
185
218
202
202
214
179
215
183
182
211
184
191
191
207
182
191
166
148
133
135
127
75
177
237
209
208
169
193
199
183
171
224
181
179
148
155
179
181
192
184
198
206
201
165
182
191
215
213
194
212
171
142
157
177
163
217
190
169
179
201
185
128
150
149
166
197
178
156
142
135
136
168
160
175
121
177
196
219
116
184
207
229
222
209
179
147
170
190
192
189
182
179
173
159
179
169
152
198
174
216
152
206
203
148
176
174
172
164
187
202
175
182
177
193
200
200
194
211
185
181
186
181
188
140
179
199
184
192
206
192
196
195
202
174
180
219
212
190
205
217
214
191
165
176
158
157
216
188
190
190
170
175
204
137
219
192
193
168
179
188
176
194
202
188
186
216
167
196
184
188
200
204
184
150
140
140
188
146
148
239
239
203
197
156
185
173
161
196
189
211
202
170
173
144
159
154
164
148
161
149
169
161
141
138
209
203
150
150
158
171
193
182
197
177
189
183
186
193
187
170
195
179
186
193
182
190
178
188
188
183
189
190
189
193
196
200
183
182
176
191
180
193
193
154
198
178
188
190
194
188
197
196
164
201
191
171
172
172
208
202
179
183
178
196
172
183
174
190
179
180
192
185
185
190
187
190
193
190
180
190
188
189
187
182
174
193
199
180
180
194
178
189
194
191
177
199
175
187
193
188
184
192
189
182
186
193
183
180
192
208
184
185
163
204
192
168
195
178
183
182
179
197
185
198
218
193
213
157
165
210
176
168
189
159
219
194
173
154
179
216
178
193
181
166
166
183
198
186
222
185
195
137
200
191
208
180
191
191
188
216
195
168
194
170
191
178
198
208
190
184
155
178
191
184
181
179
185
178
192
180
173
176
178
189
178
178
173
168
177
185
159
187
183
184
189
197
205
211
184
192
195
189
190
191
194
176
199
207
184
186
145
190
182
174
185
209
173
152
200
202
213
202
175
184
156
186
164
211
179
187
218
199
143
195
187
183
199
190
166
201
191
208
194
150
174
212
208
167
167
177
216
166
179
144
197
203
208
146
157
181
200
204
184
214
143
160
194
194
197
156
182
165
190
197
182
203
170
161
184
215
141
210
210
179
167
178
166
204
205
177
156
185
190
199
204
186
180
199
181
194
159
201
165
167
199
170
176
220
195
179
166
179
180
205
168
176
198
208
198
159
154
202
156
205
176
129
175
208
170
191
193
181
189
186
188
195
169
185
194
185
192
192
197
184
182
189
182
185
186
187
193
185
183
188
191
189
185
186
187
173
192
201
185
192
185
197
174
179
194
176
198
186
173
190
202
170
195
195
184
166
200
189
198
172
172
198
181
201
224
180
161
219
140
214
186
167
181
194
206
198
191
198
190
171
180
188
180
194
175
175
205
175
210
186
188
200
163
169
203
166
182
210
179
181
194
202
186
184
175
188
172
173
187
208
181
183
204
191
175
171
194
193
183
193
188
175
218
174
194
199
168
190
187
192
192
179
205
168
189
189
182
210
193
177
177
195
183
187
188
195
187
195
194
194
180
198
173
184
211
190
193
182
190
183
200
190
181
179
184
182
182
194
187
184
193
198
174
183
190
193
183
192
195
193
181
171
193
190
177
190
196
189
196
186
187
194
181
189
187
179
187
192
188
185
189
199
204
199
188
171
185
193
196
170
183
193
181
196
185
192
184
189
187
197
181
184
186
199
184
190
182
189
198
182
195
168
190
198
187
187
188
187
194
185
184
196
168
192
175
182
177
181
165
189
181
177
189
182
195
186
177
202
166
188
185
171
181
196
178
186
182
198
176
192
196
181
179
189
188
205
178
190
180
182
206
194
179
191
192
185
197
204
195
188
176
192
179
187
180
191
181
175
177
200
195
190
175
204
180
179
181
189
187
180
184
191
200
189
203
184
181
176
168
195
196
182
183
184
185
184
189
185
177
194
193
188
191
175
191
188
194
183
190
181
190
189
187
184
187
194
182
181
190
191
186
170
198
177
192
190
188
185
180
185
185
200
180
193
192
183
192
186
193
186
191
181
185
193
191
179
190
180
190
180
186
191
182
187
191
184
191
180
197
184
191
186
186
184
193
197
183
182
192
186
184
188
186
182
191
190
181
198
185
184
189
180
190
192
185
191
185
191
190
193
188
194
195
194
215
225
223
173
193
194
183
192
186
180
179
174
193
185
191
183
190
189
183
183
178
202
185
190
184
180
196
184
185
189
184
193
188
192
183
183
189
200
180
178
191
181
188
188
185
191
189
193
185
181
183
189
194
185
173
194
199
193
182
183
190
185
180
188
186
192
184
192
192
187
192
192
190
193
203
180
189
185
199
180
194
182
193
198
178
206
212
170
195
187
203
202
182
178
194
212
168
179
173
185
170
184
171
174
174
184
197
179
188
192
183
183
161
190
164
188
204
169
184
185
191
162
193
182
187
187
177
184
172
188
181
192
176
197
183
185
186
188
189
178
181
185
183
183
184
195
182
193
188
183
183
190
194
173
190
186
193
183
187
191
174
201
184
185
185
193
196
180
188
184
189
187
192
197
181
208
189
197
188
189
193
189
199
191
184
192
193
197
176
194
178
185
190
175
186
180
174
191
186
198
207
177
195
180
178
211
154
180
179
182
168
203
186
171
200
186
176
176
196
192
200
173
190
169
197
182
189
174
188
187
181
182
183
203
171
183
193
185
185
186
164
132
219
203
181
190
152
179
188
199
198
211
188
172
157
156
169
168
173
177
189
189
189
189
189
189
189
189
189
189
189
189
189
189
189
189
189
189
189
189
189
189
189
189
189
189
189
189
189
189
189
189
189
189
189
189
189
189
189
189
189
189
189
189
189
189
189
189
189
189
189
189
189
189
189
189
189
189
192
198
200
189
191
178
187
176
197
179
189
181
188
181
189
192
184
198
192
183
184
192
181
185
197
178
192
190
185
185
189
182
188
183
196
175
186
198
178
196
180
188
186
192
182
186
187
189
188
186
194
188
185
191
187
185
183
191
189
184
193
190
186
192
183
182
188
192
185
191
186
187
183
183
190
185
191
182
184
198
184
181
188
184
195
179
192
192
180
189
194
182
192
190
187
182
189
182
187
177
184
183
192
190
178
197
189
184
184
187
187
185
190
180
186
186
182
190
195
184
183
185
193
186
189
186
194
187
187
187
186
188
187
191
189
183
189
187
181
195
190
184
190
185
178
193
187
190
185
186
193
191
189
184
191
192
193
179
187
187
186
189
185
190
191
185
186
183
193
190
186
172
196
184
195
189
203
181
185
187
182
188
183
190
184
193
180
186
192
184
191
188
183
190
190
183
188
193
188
194
184
189
191
187
190
187
177
184
184
194
184
194
183
190
190
193
185
182
189
187
183
189
196
185
180
183
190
187
192
187
186
184
188
184
196
186
190
180
188
188
180
187
196
195
191
189
190
181
185
187
187
180
190
182
173
189
191
183
189
189
184
189
185
187
187
179
185
191
193
172
188
191
189
186
189
175
191
187
191
184
182
171
197
185
192
186
185
207
172
170
193
191
181
187
187
189
184
186
189
188
187
188
188
188
188
186
187
190
184
188
189
185
183
192
186
189
190
180
192
189
190
185
178
197
178
184
197
184
189
189
193
182
190
184
188
188
184
191
187
184
185
186
191
182
189
188
187
189
182
189
189
187
189
191
187
184
190
186
184
188
187
185
190
183
185
187
186
181
193
185
191
185
186
187
187
191
183
198
177
189
181
191
196
189
177
182
187
192
182
185
188
185
197
185
182
193
181
189
189
189
191
185
187
173
195
192
186
179
199
184
190
196
183
182
192
192
184
181
184
186
192
193
195
174
183
188
190
195
176
185
195
184
197
183
182
187
187
185
187
194
185
178
193
182
198
192
178
193
184
200
178
174
187
191
180
187
198
180
190
190
183
192
191
180
180
192
194
181
189
185
188
180
187
180
182
189
187
186
192
185
187
183
187
185
192
183
187
183
188
194
181
192
185
190
192
187
181
192
182
186
182
189
189
190
196
172
195
190
183
187
186
173
189
196
182
193
194
177
189
188
185
183
179
188
195
186
181
192
177
191
189
185
188
194
185
174
199
187
179
192
188
188
179
191
192
184
182
198
184
184
191
187
181
190
191
186
189
186
189
196
190
185
184
191
179
187
189
184
184
192
177
189
190
184
184
190
186
190
190
185
190
186
183
193
184
189
188
184
187
190
186
193
179
189
187
181
187
188
191
189
187
186
180
191
184
197
185
180
178
190
189
189
192
189
182
189
190
190
181
189
187
185
189
185
188
188
186
188
192
182
188
185
189
188
185
188
187
184
191
183
190
192
187
184
191
178
186
182
189
185
188
184
185
191
188
188
191
184
184
192
186
186
186
189
188
187
185
187
188
186
184
185
191
185
187
192
191
185
187
188
190
184
185
189
184
185
188
190
188
187
186
188
185
190
186
185
190
185
188
186
188
188
186
186
190
185
189
190
187
194
183
186
188
184
187
187
186
190
184
188
188
192
187
191
193
185
191
188
185
186
188
191
187
186
187
185
187
193
188
188
178
190
186
187
186
190
188
187
186
190
186
189
188
186
190
185
189
187
189
186
188
191
189
187
185
190
192
181
194
177
189
184
190
187
185
186
186
190
186
189
185
190
192
189
184
187
189
181
192
188
189
189
187
186
183
189
188
180
196
190
181
192
184
188
185
191
182
185
193
188
186
189
188
188
191
186
193
186
185
189
187
197
182
182
193
184
186
187
188
186
191
183
186
189
192
187
187
181
192
190
182
187
186
187
186
193
186
187
188
183
187
183
191
186
189
185
191
184
188
183
188
185
190
197
187
197
186
184
184
184
194
193
181
193
189
187
190
184
191
187
190
189
190
192
187
187
178
185
186
184
195
184
189
189
185
187
190
183
189
184
189
193
187
176
186
190
185
185
198
197
186
185
181
190
182
191
183
189
186
184
196
190
189
189
182
184
189
187
189
188
190
188
184
185
183
187
189
184
182
190
192
184
191
188
189
183
191
186
180
194
181
187
182
191
181
180
206
185
191
194
175
186
196
186
186
195
182
177
187
187
175
197
181
189
170
177
196
189
174
197
185
201
192
179
197
189
184
188
202
192
185
183
184
188
191
179
200
176
183
188
188
194
196
187
197
188
181
191
187
189
181
190
190
180
192
190
174
192
176
185
185
236
187
187
187
187
187
187
187
187
187
187
187
187
187
193
188
189
182
188
190
188
